log10_duration FAKE.FAKE.1500 FAKE.FAKE.2500 FAKE.FAKE.BBa FAKE.FAKE.BBb FAKE.FAKE.D4000a FAKE.FAKE.D4000b FAKE.FAKE.U FAKE.FAKE.V Hbeta_EW OIIIr_EW OIIIb_EW OIIIHbeta_EW
6.0 2.2007999026665748e+21 3.399246118932453e+21 4.5837185180757e+21 2.8690858243377054e+21 5.678820929163385e+21 4.1462836561380424e+21 5.257864103011752e+21 3.238084285247104e+21 544.1930374868883 2019.6647247640387 660.0399096813535 3223.8976719322804
6.1 2.2319530710529752e+21 3.4546101734862094e+21 4.66514646337872e+21 2.9158335832602266e+21 5.782139915192647e+21 4.218505326186561e+21 5.351634843367386e+21 3.295513135477967e+21 545.4897802423305 2030.2504538164212 662.820477441999 3238.560711500751
6.199999999999999 2.3031009760824095e+21 3.5788662549819247e+21 4.839099472135111e+21 3.021015418692684e+21 5.996103807873755e+21 4.373545196999217e+21 5.549100542620553e+21 3.418291880880473e+21 545.8202792639493 2036.1010187359816 664.340702339297 3246.2620003392276
6.299999999999999 2.4104159139215683e+21 3.761839370089174e+21 5.058339258502801e+21 3.2273659763530515e+21 6.263227643255166e+21 4.6138029685014617e+21 5.794474280567711e+21 3.64886983461002e+21 522.8132323825939 1942.7156828637653 632.3893603758221 3097.918275622181
6.399999999999999 2.5143250509888257e+21 3.936370884517567e+21 5.23723362780511e+21 3.483405067523536e+21 6.48630441038792e+21 4.86664173792061e+21 5.992472201871982e+21 3.9776184920948893e+21 479.68105400905114 1769.0523742832331 573.7850153310079 2822.518443623292
6.499999999999998 2.517768549990133e+21 3.9468596324718467e+21 5.199936645983413e+21 3.590177249531616e+21 6.445249025774162e+21 4.914789824720733e+21 5.94568983406002e+21 4.1147627467193555e+21 444.2364125498741 1624.9153086783508 526.2789189752997 2595.4306402035245
6.599999999999998 2.4002039436019934e+21 3.7731051372820153e+21 4.943270254830046e+21 3.6336470674154083e+21 6.212517568211016e+21 4.839916943524654e+21 5.680970827843121e+21 4.08778344491696e+21 404.11566080986506 1462.2548975812508 472.72015758881935 2339.0907159799353
6.6999999999999975 2.206758492722673e+21 3.477594552792289e+21 4.5434435331963004e+21 3.639480424383642e+21 5.861032218406089e+21 4.693217700149031e+21 5.276815901262132e+21 4.014124547349605e+21 357.89708644118133 1277.2109986521846 411.6610633860044 2046.7691484793702
6.799999999999997 1.972093198840517e+21 3.104780354778048e+21 4.0387767563996234e+21 3.464684435949599e+21 5.316286153332248e+21 4.357826265026584e+21 4.730132586792869e+21 3.8053149145597215e+21 321.38732364338523 1130.2349386565343 363.53639568572504 1815.1586579856444
6.899999999999997 1.7273738066687028e+21 2.712367843927915e+21 3.5047266221640274e+21 3.1461223327773727e+21 4.6635119843663046e+21 3.8878434357467425e+21 4.122522158420386e+21 3.4575665555328996e+21 295.27094925059447 1025.8613593599782 329.48771755138466 1650.6200261619572
6.9999999999999964 1.4919274887898317e+21 2.3370211462569148e+21 2.997615557704452e+21 2.788355143007721e+21 4.0199631588112644e+21 3.395889720376026e+21 3.5364760009931484e+21 3.0489099563767363e+21 274.6314554209789 945.9603745370548 303.3291580390744 1523.920987997108
7.099999999999996 1.2730999190585467e+21 1.9931429091014452e+21 2.5409714756378847e+21 2.4460183651271196e+21 3.435744921288935e+21 2.9381091157637045e+21 3.0067549748040297e+21 2.6506906296689953e+21 255.85332742883836 876.1139849437042 280.39852951423285 1412.3658418867753
7.199999999999996 1.0754695886026829e+21 1.6852703833868104e+21 2.1372933665953164e+21 2.1236617540251862e+21 2.912183144826037e+21 2.518397233567862e+21 2.5355457245087285e+21 2.2739871132542792e+21 239.03118722906737 815.4994416924278 260.4162248526632 1314.9468537741584
7.299999999999995 9.006716892333702e+20 1.4131214179951397e+21 1.7838049131725526e+21 1.821248170960635e+21 2.444949528407488e+21 2.1356247984454925e+21 2.1196860447227794e+21 1.9270525061955157e+21 224.75017403805396 764.8243554077801 243.61707900347653 1233.1916084493105
7.399999999999995 7.500405504239864e+20 1.1779804845309415e+21 1.480951960828048e+21 1.5492145534330607e+21 2.039011554951042e+21 1.7984098936131774e+21 1.7612611866814256e+21 1.6233494691129238e+21 212.5177078966177 721.5471062391507 229.10626829355758 1163.171082429326
7.499999999999995 6.227133451121936e+20 9.795045934895831e+20 1.2280941996818702e+21 1.321365458120142e+21 1.7019216349288032e+21 1.517892462064524e+21 1.4627825013299387e+21 1.3740109434861304e+21 200.19105646225822 677.5471324543267 214.3817152612356 1092.1199041778207
7.599999999999994 5.158733931673258e+20 8.139181896685215e+20 1.0198954308648293e+21 1.1353696186301214e+21 1.4278412509874962e+21 1.2897213770172824e+21 1.2186564000566275e+21 1.1727369755026088e+21 187.20684680120218 630.7040364398126 198.9251510963394 1016.8360343373542
7.699999999999994 4.2633734272219873e+20 6.752410891858861e+20 8.46887715782272e+20 9.777361283715153e+20 1.1999279403714436e+21 1.0984657125532337e+21 1.0160831069446625e+21 1.0044135044598457e+21 174.63618967105734 584.8648150883669 183.98057786270942 943.4815826221336
7.799999999999994 3.517225216920635e+20 5.5955892956181955e+20 7.034022025850143e+20 8.446614309488681e+20 1.0106236959209682e+21 9.385742629733252e+20 8.482396581623895e+20 8.644003688538843e+20 162.38955570983705 539.6874571582016 169.42181560644997 871.4988284744886
7.899999999999993 2.8992030312992175e+20 4.6360627407074e+20 5.8481796022324167e+20 7.321321373346158e+20 8.529667118130427e+20 8.046350066688198e+20 7.092391735787082e+20 7.493089526070026e+20 150.38448593612995 494.9589813962832 155.1348028380175 800.4782701704307
7.999999999999993 2.3864652297146184e+20 3.839414250750911e+20 4.869454108833364e+20 6.375454619409885e+20 7.216931518891578e+20 6.92906976140055e+20 5.942287169229274e+20 6.567640288526141e+20 138.33955110082277 449.80744602142545 140.84446958778443 728.9914667100327
8.099999999999993 1.9598469260883768e+20 3.1755987294320165e+20 4.0586999537703145e+20 5.565768338962937e+20 6.115447701055145e+20 5.983392811980757e+20 4.98567935952381e+20 5.787228313668665e+20 126.690028622854 406.6015703838637 127.28120442740588 660.5728034341236
8.199999999999992 1.605458135243367e+20 2.6219083660029824e+20 3.383491438325159e+20 4.84779784231539e+20 5.1748280732015264e+20 5.159471672626081e+20 4.1812856326235246e+20 5.112088625535897e+20 115.80417740226672 367.11701449589816 114.94076601917726 597.8619579173421
8.299999999999992 1.3114771807291113e+20 2.1604213461374783e+20 2.8214603260172147e+20 4.2178571555659455e+20 4.377185450154888e+20 4.4474897150822154e+20 3.5070479730698827e+20 4.539356519995344e+20 105.45487749445381 330.435016837066 103.5155223741413 539.4054167056611
8.399999999999991 1.0677939677416217e+20 1.7753938465116632e+20 2.3497183021456474e+20 3.654321948107972e+20 3.69466681066606e+20 3.8212272410814664e+20 2.936903199714594e+20 4.0079691723808296e+20 96.39135790462143 298.8319195803463 93.69871529560223 488.92199278056995
8.499999999999991 8.660090668668631e+19 1.4538038728545462e+20 1.951420907323066e+20 3.149245131906589e+20 3.1086454607564564e+20 3.268482185741933e+20 2.4524712555103548e+20 3.509834176309073e+20 88.67421911741634 272.1149614317429 85.42169957064662 446.2108801198059
8.59999999999999 6.999755721157359e+19 1.1866972852174602e+20 1.6167602808471365e+20 2.7031694761797485e+20 2.6090117165950707e+20 2.7862654037163442e+20 2.043192165865014e+20 3.0534364260328564e+20 82.00013194251443 249.12402009909854 78.31315203595136 409.4373040775643
8.69999999999999 5.644682652951079e+19 9.667243267643018e+19 1.3381009465053125e+20 2.3155309605979934e+20 2.186884740020617e+20 2.371250859078107e+20 1.7004163309969093e+20 2.6482458894483908e+20 76.01732941796892 228.66942326336905 71.99031558963641 376.6770682709744
8.79999999999999 4.543038345720043e+19 7.862704201946223e+19 1.1066372666574936e+20 1.9813470978937058e+20 1.8314384514615847e+20 2.0163155587631137e+20 1.4141193786942143e+20 2.2949322257089197e+20 70.57041242291045 210.0971190138429 66.24574580696962 346.913277243723
8.89999999999999 3.6509806050483843e+19 6.388504278728729e+19 9.152557021832746e+19 1.6959528279661363e+20 1.5332480007634158e+20 1.7151618348816685e+20 1.175964194480758e+20 1.9915677533992095e+20 65.48111079030868 192.8307964047715 60.89441601824931 319.2063232133295
8.99999999999999 2.929379044386545e+19 5.186286664514309e+19 7.580478186560872e+19 1.4569820227522971e+20 1.2854583650671388e+20 1.4641228058888831e+20 9.794880351922423e+19 1.745921484936489e+20 60.320449889090575 175.60973438903565 55.53739977852138 291.4675840566476
9.099999999999989 2.3452470824694338e+19 4.204158307379396e+19 6.297233495168521e+19 1.2600329233903064e+20 1.0804831026576959e+20 1.258059455416069e+20 8.184015988950218e+19 1.5673341988325835e+20 54.559191824790084 157.1370918471142 49.75405570781538 261.45033937971965
9.199999999999989 1.872762269058981e+19 3.3992710297026073e+19 5.217939163332251e+19 1.0825219857664105e+20 9.041831613588808e+19 1.0748654721759422e+20 6.815657988304905e+19 1.3959811714246486e+20 49.58594849946866 141.64600197402038 44.89128049444852 236.12323096793756
9.299999999999988 1.4920699348019452e+19 2.7402623280259408e+19 4.292417008846548e+19 9.14152254055129e+19 7.492391740467275e+19 9.040643877578998e+19 5.6275673015790666e+19 1.2031808325540104e+20 46.18321519322442 131.22282678202936 41.623794318527416 219.0298362937812
9.399999999999988 1.1868116889552447e+19 2.2029715581178507e+19 3.51966250720159e+19 7.647606982951943e+19 6.173968158924359e+19 7.54158315445446e+19 4.62643404977103e+19 1.0256457659482407e+20 43.33444208562687 122.84402640952982 38.991440323667675 205.16990881882438
9.499999999999988 9.432778813366606e+18 1.7673789997680468e+19 2.8806687249671246e+19 6.360115509086316e+19 5.068860982311963e+19 6.2587907022516806e+19 3.7931159241256804e+19 8.702056289865051e+19 40.78237017067495 115.60452604368538 36.70922948201757 193.0961256963779
9.599999999999987 7.49515311909284e+18 1.4161499744822354e+19 2.355303487221759e+19 5.269496162910113e+19 4.152096528152033e+19 5.1770695306989535e+19 3.104872162782921e+19 7.356078848504715e+19 38.47320081797629 109.20972436914586 34.68795051689442 182.37087570401656
9.699999999999987 5.954618686798868e+18 1.133645516058862e+19 1.920927259049072e+19 4.33996105001054e+19 3.3894878350446166e+19 4.258588646527717e+19 2.53379581891776e+19 6.155270935519389e+19 36.60043046386002 104.0980848089328 33.07200375407632 173.77051902686915
9.799999999999986 4.730395310550416e+18 9.064905203673802e+18 1.5644611391665023e+19 3.5629076913210606e+19 2.76058440970765e+19 3.4926819899989946e+19 2.0639500836666196e+19 5.132224933907558e+19 34.917905073569365 99.58417214686511 31.64045602411376 166.14253324454822
9.899999999999986 4.2161893359141617e+18 8.104799784197612e+18 1.4135400491323222e+19 3.233674637919088e+19 2.493658495451949e+19 3.1683568623093023e+19 1.8648570061712974e+19 4.705274857604136e+19 33.980405149814345 97.08312716341284 30.844198500736173 161.90773081396335
9.999999999999986 4.2161893359141617e+18 8.104799784197612e+18 1.4135400491323222e+19 3.233674637919088e+19 2.493658495451949e+19 3.1683568623093023e+19 1.8648570061712974e+19 4.705274857604136e+19 33.980405149814345 97.08312716341284 30.844198500736173 161.90773081396335
