log10_duration FAKE.FAKE.1500 FAKE.FAKE.2500 FAKE.FAKE.BBa FAKE.FAKE.BBb FAKE.FAKE.D4000a FAKE.FAKE.D4000b FAKE.FAKE.U FAKE.FAKE.V Hbeta_EW OIIIr_EW OIIIb_EW OIIIHbeta_EW
6.0 2.303251458375194e+21 3.700134722271902e+21 4.942851300915534e+21 3.199268796689681e+21 5.169020810809956e+21 4.5709074322298954e+21 5.127864695571773e+21 3.6368609253353513e+21 535.8762123205402 266.68827349321657 87.39236886284375 889.9568546766004
6.1 2.3271115259928663e+21 3.745166111548276e+21 5.007462528314818e+21 3.238804157822883e+21 5.236316347354501e+21 4.630005850916235e+21 5.194682802395757e+21 3.6847635555992365e+21 536.8208635351825 267.61928974590467 87.69246019656288 892.13261347765
6.199999999999999 2.380148650261658e+21 3.8476457732933204e+21 5.156280170066083e+21 3.329266517429719e+21 5.391387836131893e+21 4.766254283550321e+21 5.348575206383277e+21 3.795398606342962e+21 539.2950977279252 269.9067193974439 88.39795743463058 897.5997745599997
6.299999999999999 2.461150760584568e+21 4.003263126189378e+21 5.375605266027316e+21 3.499771052475744e+21 5.642742115405342e+21 4.995313350162884e+21 5.584002806544197e+21 3.9865678939864286e+21 534.5077291638254 268.35685790304717 87.85615126843507 890.7207383353076
6.399999999999999 2.55264690381389e+21 4.2005022052238104e+21 5.655905297402427e+21 3.9749822397600356e+21 6.138624540599895e+21 5.497271162713391e+21 5.949977726216675e+21 4.437993334357138e+21 486.0294176518667 243.61820553793208 79.42542959324801 809.0730527830468
6.499999999999998 2.5515866826715106e+21 4.2482919845331264e+21 5.742051186984829e+21 4.539675832945808e+21 6.589490964424019e+21 6.004517722997727e+21 6.175313806249777e+21 4.93841221946075e+21 417.5164371517493 207.6580318490563 67.35568113700411 692.5301501378096
6.599999999999998 2.433070144367283e+21 4.0712014641595836e+21 5.511887424290912e+21 4.797219253959778e+21 6.635331995481015e+21 6.137180559403153e+21 6.046479567986036e+21 5.140018519142971e+21 366.8497284292586 180.15859075186415 58.297049361057724 605.3053685421805
6.6999999999999975 2.2537079284897787e+21 3.76726232886433e+21 5.087420992076732e+21 4.671745319086338e+21 6.279309328388373e+21 5.863297404875911e+21 5.640539179533433e+21 4.983161509919446e+21 337.52745962654177 163.75365500639123 52.91659657363143 554.1977112065645
6.799999999999997 2.0402182330960223e+21 3.395358381418965e+21 4.557052184938737e+21 4.279717394149709e+21 5.668013504479148e+21 5.315974271905832e+21 5.068913161091378e+21 4.5561345294878324e+21 320.99211972574875 154.32229844423645 49.782717577469946 525.0971357474551
6.899999999999997 1.8111866201479085e+21 2.995423343931295e+21 3.984716156365703e+21 3.7850049120318595e+21 4.963919166106427e+21 4.6653398094395285e+21 4.434852520503129e+21 4.004904745617258e+21 309.0339640748188 147.44218075030344 47.46148233457014 503.9376271596924
6.9999999999999964 1.579649290207838e+21 2.5945842998700293e+21 3.416550730420042e+21 3.270895179891419e+21 4.2541964363979225e+21 4.003530263478943e+21 3.8014415511739076e+21 3.4314292932048496e+21 298.55447173441365 141.52732712743412 45.45648045240463 485.5382793142524
7.099999999999996 1.356424667766254e+21 2.2144068096748445e+21 2.886228515500526e+21 2.788306632086699e+21 3.5945684829632987e+21 3.387713503926381e+21 3.2114177962159075e+21 2.8967347905839796e+21 287.8551867645756 135.7764302310247 43.50600793192075 467.1376249275211
7.199999999999996 1.1499839221831495e+21 1.8670361512982078e+21 2.4089962215208617e+21 2.3520780828218653e+21 3.0035606205628253e+21 2.835725579392361e+21 2.681606740875169e+21 2.418472210023954e+21 276.93862766604866 130.18429517887122 41.6138940614894 448.7368169064093
7.299999999999995 9.662360209520021e+20 1.5613133078205353e+21 1.996131236990331e+21 1.9729308617293554e+21 2.493867886726932e+21 2.3597537320913417e+21 2.2238622709281123e+21 2.0082736883994767e+21 265.9007820186321 124.72739584162488 39.77191272890535 430.40009058916235
7.399999999999995 8.06914304189962e+20 1.2992613548272622e+21 1.6482910209343512e+21 1.652072028011182e+21 2.0655337462023366e+21 1.9599231438982333e+21 1.8385426414850152e+21 1.6654587857839834e+21 254.88044906841327 119.3850082780041 37.969143446493476 412.23460079291084
7.499999999999995 6.711376863504103e+20 1.0778385601129818e+21 1.3585986187078877e+21 1.383389921977624e+21 1.708995920777754e+21 1.6274675155067659e+21 1.5174633091794346e+21 1.3817966898276215e+21 244.06816666788228 114.17574214678531 36.20088902591339 394.444797840581
7.599999999999994 5.5730272548179e+20 8.935973379806269e+20 1.1204179332931343e+21 1.161922057113838e+21 1.4160412400448008e+21 1.354805008403819e+21 1.2532447704173765e+21 1.1503922282348283e+21 233.1206090522452 108.89867559397462 34.39496748622761 376.4142521324474
7.699999999999994 4.620709265199402e+20 7.40704131197008e+20 9.249761151702759e+20 9.795977120613524e+20 1.1762000187866312e+21 1.1315962891059436e+21 1.0366231965938026e+21 9.618251905209307e+20 221.92160222729618 103.44838463473653 32.541198331244104 357.91118519327676
7.799999999999994 3.82177659941696e+20 6.13314267672086e+20 7.639424936357593e+20 8.286438029498983e+20 9.792812335193589e+20 9.480917183560504e+20 8.58543117137967e+20 8.075036050875306e+20 210.626634672652 97.83561943168755 30.666489384168273 339.1287434885078
7.899999999999993 3.1563725901945314e+20 5.080731014576349e+20 6.32449509880061e+20 7.064762611094395e+20 8.200144498829322e+20 7.999485403220117e+20 7.138031919592516e+20 6.854273822036182e+20 198.25555579022247 91.57890459632304 28.621186060741916 318.45564644728745
7.999999999999993 2.6045993919670354e+20 4.2129792194075886e+20 5.250156111230724e+20 6.066321859372307e+20 6.904950098108712e+20 6.794233672555368e+20 5.958432090564307e+20 5.86196570777203e+20 185.39577155803613 85.02327383332668 26.51113291162618 296.930178302989
8.099999999999993 2.143598753858238e+20 3.487540992298231e+20 4.357835209554501e+20 5.221622403478193e+20 5.823932748313738e+20 5.7852336555140796e+20 4.977621453903223e+20 5.036730307203179e+20 172.8855512400695 78.56390814503953 24.46399046694831 275.91344985205734
8.199999999999992 1.7594765038054352e+20 2.882690766690901e+20 3.61916050949773e+20 4.518143249432257e+20 4.9286903207933156e+20 4.9507722301772444e+20 4.166387464857352e+20 4.3906995667730144e+20 159.82324113830316 71.77831630928824 22.34646320478566 253.94802065237707
8.299999999999992 1.4403418962606594e+20 2.3782093964010163e+20 3.003793104857326e+20 3.909914832584021e+20 4.171901045911852e+20 4.239321277515069e+20 3.486979564095564e+20 3.833508093697876e+20 147.65064858129807 65.4708077240478 20.393382028358243 233.51483833370412
8.399999999999991 1.1768299327992965e+20 1.9610104526077277e+20 2.496856566270828e+20 3.404357018868277e+20 3.549064316124857e+20 3.651875577821251e+20 2.927858656584692e+20 3.3643793108586024e+20 135.74363378402694 59.32374485542861 18.50327157166794 213.5706502111235
8.499999999999991 9.595344770815898e+19 1.6158800569278824e+20 2.078691554707656e+20 2.9824263043679565e+20 3.03355475527826e+20 3.1648279715385285e+20 2.4663168690256907e+20 2.972388668197656e+20 124.11719907429435 53.360260463070695 16.67773372495883 194.15519326232388
8.59999999999999 7.796451832000478e+19 1.3280780928885891e+20 1.7298225691044046e+20 2.621067887886571e+20 2.5973948186412758e+20 2.7517075680510476e+20 2.079312900571107e+20 2.640562003495827e+20 113.12659693545872 47.74661005860059 14.96378120167296 175.83698819573226
8.69999999999999 6.3133153439084085e+19 1.0882625015758748e+20 1.4366021005308976e+20 2.2934961727788738e+20 2.2164788712272593e+20 2.3843561654930283e+20 1.748877213350056e+20 2.336501914384452e+20 103.47998450468968 42.896019785988344 13.481644497127492 159.85764878780552
8.79999999999999 5.0978448656141e+19 8.893185976132636e+19 1.1907476464671192e+20 1.9916818673369422e+20 1.879908317296321e+20 2.0526793938268704e+20 1.4655271376257011e+20 2.0526452449427987e+20 95.17860565712803 38.821152200014254 12.23419113257665 146.23394898971893
8.89999999999999 4.111049058838826e+19 7.268157831275374e+19 9.894257008381559e+19 1.7364431600931062e+20 1.5992661700225856e+20 1.7743101899077357e+20 1.2317192124187851e+20 1.816255638331643e+20 86.99054254610773 34.92027323300965 11.036463979789113 132.9472797589065
8.99999999999999 3.3116771504320504e+19 5.941236245328757e+19 8.239314628915365e+19 1.519459166308783e+20 1.3642893476209556e+20 1.539517477607044e+20 1.0379888134976376e+20 1.6201857297640374e+20 78.98267093656887 31.216022570974356 9.893784294120263 120.09247780166348
9.099999999999989 2.6624254156801405e+19 4.840622751058209e+19 6.830799633558531e+19 1.3113021282473019e+20 1.1524241132142433e+20 1.3195525425461908e+20 8.686320177765006e+19 1.4238131645706176e+20 72.5487996713946 28.33143064688937 8.999671390593416 109.87990170887738
9.199999999999989 2.1351592264342712e+19 3.924587688865334e+19 5.62928656014641e+19 1.1108022309005071e+20 9.602293805543393e+19 1.1122117822925672e+20 7.198393081601347e+19 1.2257851531530915e+20 67.66409061214226 26.237120930003172 8.348409720523895 102.24962126266934
9.299999999999988 1.7084071417214804e+19 3.1749137090681225e+19 4.6388093726689255e+19 9.390399398598912e+19 7.98820237744253e+19 9.359554121444947e+19 5.961118965656005e+19 1.0566572795615071e+20 62.956482733355664 24.29358535844401 7.7427264434757594 94.99279453527544
9.399999999999988 1.364338039909131e+19 2.563946880640127e+19 3.817297148712179e+19 7.909660755176015e+19 6.6287628873663275e+19 7.851716703237336e+19 4.927206745142066e+19 9.079877715435762e+19 58.701874168027636 22.571526230741192 7.2047018281031825 88.47810222687201
9.499999999999988 1.0876106607325094e+19 2.0676178117191164e+19 3.139182529405269e+19 6.644213331466065e+19 5.492405142394495e+19 6.572131362153082e+19 4.068482618933178e+19 7.786321980676196e+19 54.780054938126824 21.02093556898604 6.719117822079077 82.52010832919194
9.599999999999987 8.657144652462204e+18 1.665628296625638e+19 2.5800008429893935e+19 5.565408666620904e+19 4.544551484189237e+19 5.488405883668064e+19 3.356255295036338e+19 6.657197313849645e+19 51.204033901352986 19.634879056720802 6.284039385803776 77.12295234387756
9.699999999999987 6.88441164089067e+18 1.3405973532660886e+19 2.11601233483566e+19 4.634526902401466e+19 3.747243782814575e+19 4.559563444814589e+19 2.7609315901479797e+19 5.638701794248208e+19 48.224097014543496 18.492217019559384 5.924754664278259 72.64106869838113
9.799999999999986 5.473014104235356e+18 1.0777764518808986e+19 1.7322006253680583e+19 3.84005229870669e+19 3.0802439855926882e+19 3.771213425099808e+19 2.2655234776149455e+19 4.7496055100732695e+19 45.61439013358792 17.51372806308461 5.6162586765602684 68.7443768732328
9.899999999999986 4.880134187208961e+18 9.663216134320142e+18 1.5683741330568028e+19 3.4978929938292515e+19 2.7944692939999388e+19 3.4324055066341855e+19 2.0536839163541918e+19 4.37121158565209e+19 44.24595189259345 17.010304768525838 5.457044406534897 66.71330106765419
9.999999999999986 4.880134187208961e+18 9.663216134320142e+18 1.5683741330568028e+19 3.4978929938292515e+19 2.7944692939999388e+19 3.4324055066341855e+19 2.0536839163541918e+19 4.37121158565209e+19 44.24595189259345 17.010304768525838 5.457044406534897 66.71330106765419
