fesc FAKE.FAKE.1500 FAKE.FAKE.2500 FAKE.FAKE.BBa FAKE.FAKE.BBb FAKE.FAKE.D4000a FAKE.FAKE.D4000b FAKE.FAKE.U FAKE.FAKE.V Hbeta_EW OIIIr_EW OIIIb_EW OIIIHbeta_EW
0.0 1.5038475914863635e+21 1.1615818011323945e+21 1.0705949413272395e+21 1.2291037251783534e+21 1.476602822720435e+21 1.3474314989771316e+21 1.2584772006979096e+21 1.084685258642353e+21 138.33955110082277 449.8074460214254 140.8444695877844 728.9914667100326
0.01 1.5017801604133618e+21 1.1590648428596615e+21 1.0670671432014405e+21 1.2276975629270778e+21 1.472309058037817e+21 1.3447247613142174e+21 1.254361180830108e+21 1.0828792858229142e+21 137.15688831349286 445.93996228125206 139.62336139996353 722.7202119947085
0.02 1.4997127293403603e+21 1.1565478845869283e+21 1.0635393450756416e+21 1.226291400675802e+21 1.4680152933551993e+21 1.3420180236513035e+21 1.2502451609623066e+21 1.0810733130034753e+21 135.97075364742474 442.061509727357 138.39896760641776 716.4312309811995
0.03 1.4976452982673585e+21 1.154030926314195e+21 1.0600115469498429e+21 1.2248852384245267e+21 1.4637215286725813e+21 1.3393112859883896e+21 1.2461291410945047e+21 1.0792673401840366e+21 134.78113179183686 438.1720416294605 137.1712749285353 710.1244483498327
0.04 1.495577867194357e+21 1.1515139680414618e+21 1.0564837488240439e+21 1.2234790761732508e+21 1.4594277639899636e+21 1.3366045483254756e+21 1.242013121226703e+21 1.0774613673645977e+21 133.58800734578895 434.2715109914583 135.94027001605474 703.799788353302
0.05 1.4935104361213555e+21 1.1489970097687285e+21 1.0529559506982449e+21 1.2220729139219753e+21 1.4551339993073456e+21 1.3338978106625614e+21 1.2378971013589015e+21 1.0756553945451586e+21 132.39136481751746 430.35987054953074 134.705939446581 697.4571748136292
0.06 1.491443005048354e+21 1.1464800514959952e+21 1.0494281525724459e+21 1.2206667516706997e+21 1.450840234624728e+21 1.3311910729996475e+21 1.2337810814911001e+21 1.0738494217257199e+21 131.19118862376496 426.43707277023304 133.46826972509766 691.0965311190957
0.07 1.4893755739753525e+21 1.1439630932232623e+21 1.0459003544466468e+21 1.2192605894194244e+21 1.44654646994211e+21 1.3284843353367335e+21 1.2296650616232985e+21 1.072043448906281e+21 129.9874630891037 422.50306984856934 132.22724728347495 684.717780221148
0.08 1.4873081429023504e+21 1.141446134950529e+21 1.0423725563208478e+21 1.2178544271681483e+21 1.4422527052594922e+21 1.3257775976738196e+21 1.2255490417554972e+21 1.0702374760868421e+21 128.78017244525327 418.5578137060518 130.98285847997423 678.3208446312792
0.09 1.485240711829349e+21 1.1389291766777956e+21 1.038844758195049e+21 1.216448264916873e+21 1.4379589405768745e+21 1.3230708600109054e+21 1.2214330218876953e+21 1.0684315032674034e+21 127.56930083039182 414.601255988741 129.73508959874783 671.9056464178807
0.1 1.4831732807563474e+21 1.1364122184050626e+21 1.0353169600692499e+21 1.2150421026655974e+21 1.4336651758942563e+21 1.3203641223479917e+21 1.217317002019894e+21 1.0666255304479645e+21 126.35483228846178 410.63334806527126 128.48392684933535 665.4721072030684
0.11 1.481105849683346e+21 1.1338952601323294e+21 1.031789161943451e+21 1.2136359404143216e+21 1.4293714112116385e+21 1.3176573846850773e+21 1.2132009821520926e+21 1.0648195576285255e+21 125.1367507684686 406.6540410248576 127.22935636615551 659.0201481594817
0.12 1.4790384186103442e+21 1.1313783018595961e+21 1.0282613638176519e+21 1.212229778163046e+21 1.4250776465290208e+21 1.3149506470221636e+21 1.209084962284291e+21 1.0630135848090867e+21 123.91504012377382 402.6632856752862 125.97136420799387 652.5496900070539
0.13 1.4769709875373427e+21 1.1288613435868629e+21 1.0247335656918528e+21 1.2108236159117705e+21 1.420783881846403e+21 1.3122439093592494e+21 1.204968942416489e+21 1.061207611989648e+21 122.68968411138157 398.6610325408877 124.7099363574866 646.0606530097558
0.14 1.474903556464341e+21 1.1263443853141296e+21 1.0212057675660541e+21 1.2094174536604946e+21 1.4164901171637849e+21 1.3095371716963357e+21 1.2008529225486877e+21 1.0594016391702091e+21 121.46066639121875 394.6472318604919 123.44505872059969 639.5529569723103
0.15 1.4728361253913397e+21 1.1238274270413964e+21 1.0176779694402551e+21 1.2080112914092193e+21 1.4121963524811671e+21 1.3068304340334218e+21 1.196736902680886e+21 1.05759566635077e+21 120.2279705254087 390.6218335853661 122.17671712610414 633.026521236879
0.16 1.470768694318338e+21 1.1213104687686633e+21 1.0141501713144561e+21 1.2066051291579435e+21 1.4079025877985494e+21 1.3041236963705076e+21 1.1926208828130848e+21 1.0557896935313314e+21 118.99157997753825 386.5847873771345 120.9048973250467 626.4812646797194
0.17 1.468701263245336e+21 1.11879351049593e+21 1.0106223731886572e+21 1.2051989669066682e+21 1.4036088231159315e+21 1.3014169587075936e+21 1.188504862945283e+21 1.0539837207118925e+21 117.75147811191836 382.5360426056794 119.62958499021619 619.917105707814
0.18 1.4666338321723346e+21 1.116276552223197e+21 1.0070945750628582e+21 1.2037928046553924e+21 1.3993150584333137e+21 1.2987102210446797e+21 1.1843888430774815e+21 1.0521777478924536e+21 116.50764819283809 378.47554834702635 118.3507657156056 613.33396225547
0.19 1.464566401099333e+21 1.1137595939504638e+21 1.0035667769370592e+21 1.2023866424041168e+21 1.3950212937506958e+21 1.2960034833817658e+21 1.1802728232096798e+21 1.0503717750730146e+21 115.2600733838114 374.4032533812066 117.06842501586968 606.7317517808876
0.2 1.4624989700263316e+21 1.1112426356777305e+21 1.0000389788112603e+21 1.2009804801528412e+21 1.3907275290680783e+21 1.2932967457188516e+21 1.1761568033418783e+21 1.0485658022535758e+21 114.00873674681796 370.3191061901055 115.78254832577775 600.1103912627012
0.21 1.46043153895333e+21 1.1087256774049973e+21 9.965111806854613e+20 1.1995743179015654e+21 1.38643376438546e+21 1.290590008055938e+21 1.1720407834740768e+21 1.0467598294341368e+21 112.75362124153625 366.223054955289 114.49312099966272 593.469797196488
0.22 1.4583641078803286e+21 1.106208719132264e+21 9.929833825596621e+20 1.19816815565029e+21 1.3821399997028423e+21 1.287883270393024e+21 1.1679247636062753e+21 1.044953856614698e+21 111.49470972457017 362.11504755581234 113.20012831086459 586.809885591247
0.23 1.4562966768073268e+21 1.1036917608595307e+21 9.894555844338631e+20 1.1967619933990143e+21 1.3778462350202246e+21 1.2851765327301098e+21 1.1638087437384737e+21 1.0431478837952593e+21 110.23198494866845 357.99503156600923 111.90355545117002 580.1305719658477
0.24 1.454229245734325e+21 1.1011748025867977e+21 9.859277863080641e+20 1.1953558311477387e+21 1.3735524703376066e+21 1.2824697950671956e+21 1.1596927238706721e+21 1.0413419109758203e+21 108.96542956193714 353.86295425326193 110.60338753024696 573.431771345446
0.25 1.4521618146613236e+21 1.0986578443140644e+21 9.823999881822651e+20 1.193949668896463e+21 1.369258705654989e+21 1.279763057404282e+21 1.1555767040028703e+21 1.0395359381563815e+21 107.69502610704461 349.71876257575076 109.29960957507474 566.71339825787
0.26 1.4500943835883218e+21 1.0961408860413311e+21 9.788721900564661e+20 1.1925435066451873e+21 1.364964940972371e+21 1.2770563197413677e+21 1.151460684135069e+21 1.0377299653369427e+21 106.42075702041961 345.56240318018547 107.99220652936907 559.9753667299742
0.27 1.4480269525153203e+21 1.0936239277685982e+21 9.753443919306673e+20 1.1911373443939117e+21 1.360671176289753e+21 1.2743495820784537e+21 1.1473446642672675e+21 1.0359239925175037e+21 105.1426046314419 341.39382239951476 106.68116325300262 553.2175902839593
0.28 1.4459595214423188e+21 1.0911069694958649e+21 9.718165938048683e+20 1.1897311821426362e+21 1.356377411607135e+21 1.2716428444155395e+21 1.1432286443994659e+21 1.034118019698065e+21 103.86055116162521 337.2129662506171 105.36646452142065 546.4399819336629
0.29 1.4438920903693173e+21 1.0885900112231316e+21 9.682887956790692e+20 1.1883250198913606e+21 1.3520836469245173e+21 1.2689361067526256e+21 1.1391126245316644e+21 1.032312046878626e+21 102.57457872379321 333.0197804319698 104.04809502505144 539.6424541808145
0.3 1.4418246592963155e+21 1.0860730529503984e+21 9.647609975532703e+20 1.186918857640085e+21 1.3477898822418996e+21 1.266229369089712e+21 1.1349966046638628e+21 1.0305060740591872e+21 101.28466932124742 328.81421032129856 102.72603936871229 532.8249190112583
0.31 1.439757228223314e+21 1.083556094677665e+21 9.612331994274714e+20 1.1855126953888092e+21 1.3434961175592816e+21 1.2635226314267977e+21 1.1308805847960612e+21 1.0287001012397483e+21 99.9908048469278 324.5962009732055 101.40028207101003 525.9872878911433
0.32 1.4376897971503125e+21 1.0810391364049319e+21 9.577054013016725e+20 1.184106533137534e+21 1.3392023528766639e+21 1.2608158937638838e+21 1.1267645649282597e+21 1.0268941284203094e+21 98.69296708256537 320.3656971167763 100.07080756373695 519.1294717630786
0.33 1.4356223660773107e+21 1.0785221781321988e+21 9.541776031758735e+20 1.182700370886258e+21 1.334908588194046e+21 1.2581091561009696e+21 1.122648545060458e+21 1.0250881556008707e+21 97.3911376978273 316.12264315316577 98.73760019126125 512.2513810422544
0.34 1.4335549350043092e+21 1.0760052198594655e+21 9.506498050500745e+20 1.1812942086349825e+21 1.3306148235114282e+21 1.255402418438056e+21 1.1185325251926565e+21 1.0232821827814317e+21 96.08529824945377 311.8669831531628 97.4006442099125 505.3529256125291
0.35000000000000003 1.4314875039313077e+21 1.0734882615867323e+21 9.471220069242755e+20 1.1798880463837068e+21 1.3263210588288102e+21 1.2526956807751417e+21 1.114416505324855e+21 1.0214762099619928e+21 94.77543018038709 307.5986608547322 96.05992378736204 498.43401482248134
0.36 1.4294200728583057e+21 1.0709713033139993e+21 9.435942087984765e+20 1.1784818841324312e+21 1.3220272941461925e+21 1.2499889431122278e+21 1.1103004854570535e+21 1.0196702371425539e+21 93.46151481889255 303.31761966053585 94.7154230019979 491.49455748142634
0.37 1.4273526417853044e+21 1.068454345041266e+21 9.400664106726775e+20 1.1770757218811558e+21 1.3177335294635745e+21 1.2472822054493138e+21 1.1061844655892517e+21 1.0178642643231153e+21 92.14353337767135 299.0238026354305 93.36712584229463 484.5344618553965
0.38 1.4252852107123027e+21 1.0659373867685328e+21 9.365386125468786e+20 1.1756695596298801e+21 1.3134397647809565e+21 1.2445754677864e+21 1.1020684457214504e+21 1.0160582915036763e+21 90.82146695296498 294.71715250394476 92.01501620617763 477.55363566308733
0.39 1.4232177796393012e+21 1.0634204284957995e+21 9.330108144210796e+20 1.1742633973786044e+21 1.3091460000983388e+21 1.2418687301234857e+21 1.0979524258536489e+21 1.0142523186842374e+21 89.49529652365167 290.39761164773114 90.65907790038219 470.55198607176504
0.4 1.4211503485662997e+21 1.0609034702230663e+21 9.294830162952805e+20 1.172857235127329e+21 1.3048522354157208e+21 1.239161992460572e+21 1.093836405985847e+21 1.0124463458647985e+21 88.16500295033387 286.06512210299746 89.299294639807 463.5294196931383
0.41000000000000003 1.419082917493298e+21 1.058386511950333e+21 9.259552181694817e+20 1.1714510728760531e+21 1.300558470733103e+21 1.2364552547976578e+21 1.0897203861180458e+21 1.0106403730453598e+21 86.83056697441776 281.7196255579137 87.9356500468622 456.4858425791936
0.42 1.4170154864202964e+21 1.0558695536775999e+21 9.224274200436828e+20 1.1700449106247776e+21 1.296264706050485e+21 1.233748517134744e+21 1.0856043662502442e+21 1.0088344002259208e+21 85.49196921718371 277.3610633499958 86.56812765081186 449.4211602179913
0.43 1.414948055347295e+21 1.0533525954048667e+21 9.188996219178838e+20 1.1686387483735019e+21 1.2919709413678674e+21 1.23104177947183e+21 1.0814883463824426e+21 1.007028427406482e+21 84.14919017884827 272.98937646346593 85.1967108871109 442.33527752942507
0.44 1.412880624274293e+21 1.0508356371321334e+21 9.153718237920847e+20 1.1672325861222263e+21 1.2876771766852497e+21 1.228335041808916e+21 1.0773723265146411e+21 1.0052224545870431e+21 82.80221023761735 268.6045055265893 83.82138309673607 435.22809886094274
0.45 1.410813193201292e+21 1.0483186788594003e+21 9.118440256662859e+20 1.1658264238709507e+21 1.2833834120026317e+21 1.2256283041460018e+21 1.0732563066468395e+21 1.0034164817676042e+21 81.45100964873038 264.2063908089856 82.44212752551171 428.09952798322763
0.46 1.40874576212829e+21 1.0458017205866672e+21 9.083162275404868e+20 1.1644202616196752e+21 1.2790896473200137e+21 1.222921566483088e+21 1.0691402867790378e+21 1.0016105089481654e+21 80.09556854349553 259.7949722189175 81.05892732342909 420.9494680858421
0.47000000000000003 1.4066783310552884e+21 1.0432847623139338e+21 9.047884294146878e+20 1.1630140993683997e+21 1.274795882637396e+21 1.220214828820174e+21 1.0650242669112364e+21 9.998045361287266e+20 78.73586692831587 255.37018930055368 79.67176554396049 413.77782177283007
0.48 1.4046108999822868e+21 1.0407678040412005e+21 9.012606312888888e+20 1.1616079371171239e+21 1.270502117954778e+21 1.21750809115726e+21 1.0609082470434349e+21 9.979985633092876e+20 77.37188468370634 250.93198123120666 78.280625143367 406.58449105828004
0.49 1.4025434689092853e+21 1.0382508457684673e+21 8.977328331630897e+20 1.1602017748658483e+21 1.2662083532721603e+21 1.2148013534943458e+21 1.0567922271756331e+21 9.961925904898488e+20 76.00360156330129 246.48028681854652 76.88548898000046 399.36937736184825
0.5 1.4004760378362836e+21 1.035733887495734e+21 8.942050350372909e+20 1.1587956126145725e+21 1.2619145885895423e+21 1.212094615831432e+21 1.0526762073078316e+21 9.9438661767041e+20 74.63099719285272 242.01504449778818 75.48633981359944 392.1323815042403
0.51 1.3984086067632818e+21 1.033216929223001e+21 8.906772369114918e+20 1.1573894503632972e+21 1.2576208239069244e+21 1.209387878168518e+21 1.0485601874400302e+21 9.92580644850971e+20 73.25405106921912 237.53619232885345 74.08316030457905 384.8734037026517
0.52 1.3963411756902806e+21 1.0306999709502678e+21 8.871494387856928e+20 1.1559832881120215e+21 1.2533270592243066e+21 1.2066811405056037e+21 1.0444441675722287e+21 9.907746720315323e+20 71.87274255934442 233.043667993507 72.67593301331463 377.59234356616605
0.53 1.3942737446172788e+21 1.0281830126775345e+21 8.836216406598937e+20 1.1545771258607458e+21 1.249033294541689e+21 1.2039744028426898e+21 1.0403281477044269e+21 9.889686992120935e+20 70.48705089922748 228.5374087924659 71.26464039941932 370.2891000911127
0.54 1.3922063135442773e+21 1.0256660544048014e+21 8.800938425340949e+20 1.1531709636094702e+21 1.244739529859071e+21 1.201267665179776e+21 1.0362121278366254e+21 9.871627263926546e+20 69.09695519288167 224.0173516424829 69.84926482101514 362.9635716563797
0.55 1.3901388824712755e+21 1.0231490961320682e+21 8.765660444082957e+20 1.1517648013581947e+21 1.240445765176453e+21 1.198560927516862e+21 1.032096107968824e+21 9.853567535732156e+20 67.70243441128441 219.48343307340275 68.42978853399802 355.6156560186852
0.56 1.388071451398274e+21 1.0206321378593349e+21 8.730382462824968e+20 1.150358639106919e+21 1.2361520004938353e+21 1.1958541898539482e+21 1.0279800881010222e+21 9.835507807537769e+20 66.30346739131686 214.93558922519105 67.00619369129622 348.24525030780416
0.5700000000000001 1.3860040203252725e+21 1.0181151795866017e+21 8.695104481566978e+20 1.1489524768556434e+21 1.2318582358112175e+21 1.193147452191034e+21 1.0238640682332207e+21 9.817448079343379e+20 64.90003283469323 210.37375584493657 65.57846234212232 340.85225102175207
0.58 1.383936589252271e+21 1.0155982213138687e+21 8.65982650030899e+20 1.1475463146043677e+21 1.2275644711285996e+21 1.19044071452812e+21 1.0197480483654192e+21 9.799388351148991e+20 63.49210930688011 205.79786828382456 64.14657643121876 333.4365540219235
0.59 1.3818691581792692e+21 1.0130812630411351e+21 8.624548519051e+20 1.146140152353092e+21 1.2232707064459818e+21 1.187733976865206e+21 1.0156320284976177e+21 9.781328622954602e+20 62.07967523600494 201.20786149408352 62.71051779809674 325.9980545281852
0.6 1.3798017271062677e+21 1.0105643047684023e+21 8.58927053779301e+20 1.1447339901018164e+21 1.2189769417633639e+21 1.1850272392022922e+21 1.0115160086298163e+21 9.763268894760214e+20 60.66270891175456 196.60367002590243 61.270268176268424 318.5366471139254
0.61 1.3777342960332662e+21 1.0080473464956686e+21 8.55399255653502e+20 1.143327827850541e+21 1.2146831770807461e+21 1.182320501539378e+21 1.0073999887620146e+21 9.745209166565826e+20 59.24118848426272 191.98522802431995 59.82580919247249 311.05222570105514
0.62 1.3756668649602645e+21 1.0055303882229358e+21 8.518714575277031e+20 1.1419216655992653e+21 1.2103894123981282e+21 1.1796137638764641e+21 1.003283968894213e+21 9.727149438371434e+20 57.815091962987005 187.35246922608476 58.37712236589277 303.54468355496454
0.63 1.3735994338872627e+21 1.0030134299502026e+21 8.483436594019041e+20 1.1405155033479896e+21 1.2060956477155105e+21 1.1769070262135502e+21 9.991679490264115e+20 9.709089710177047e+20 56.38439721557476 182.7053269564863 56.924189107370125 296.01391327943116
0.64 1.3715320028142615e+21 1.0004964716774693e+21 8.448158612761051e+20 1.1391093410967142e+21 1.2018018830328927e+21 1.1742002885506362e+21 9.950519291586098e+20 9.691029981982658e+20 54.94908196671829 178.04373412615612 55.4669907186073 288.4598068114817
0.65 1.3694645717412597e+21 9.979795134047361e+20 8.412880631503061e+20 1.1377031788454383e+21 1.1975081183502748e+21 1.1714935508877223e+21 9.909359092908083e+20 9.672970253788271e+20 53.50912379699869 173.36762322783952 54.00550839136685 280.88225541620506
0.66 1.3673971406682582e+21 9.954625551320031e+20 8.377602650245071e+20 1.1362970165941629e+21 1.193214353667657e+21 1.1687868132248082e+21 9.868198894230068e+20 9.65491052559388e+20 52.06450014171854 168.67692633313663 52.53972320666187 273.28114968151704
0.67 1.3653297095952567e+21 9.929455968592696e+20 8.342324668987082e+20 1.1348908543428871e+21 1.188920588985039e+21 1.1660800755618942e+21 9.827038695552053e+20 9.636850797399495e+20 50.61518828972327 163.97157508921333 51.06961613393971 265.6563795128763
0.68 1.363262278522255e+21 9.904286385865365e+20 8.307046687729092e+20 1.1334846920916118e+21 1.184626824302421e+21 1.1633733378989802e+21 9.785878496874036e+20 9.618791069205104e+20 49.16116538221103 159.25150071548077 49.59516803025828 258.0078341279501
0.6900000000000001 1.3611948474492532e+21 9.879116803138034e+20 8.271768706471102e+20 1.132078529840336e+21 1.1803330596198034e+21 1.1606666002360661e+21 9.744718298196018e+20 9.600731341010717e+20 47.70240841153078 154.51663400024435 48.11635963945521 250.33540205123035
0.7000000000000001 1.3591274163762516e+21 9.853947220410701e+20 8.236490725213112e+20 1.1306723675890605e+21 1.1760392949371854e+21 1.1579598625731522e+21 9.703558099518004e+20 9.582671612816327e+20 46.238894219968884 149.76690529732065 46.63317159130958 242.6389711085991
0.71 1.3570599853032501e+21 9.828777637683368e+20 8.201212743955123e+20 1.1292662053377848e+21 1.1717455302545674e+21 1.1552531249102381e+21 9.662397900839991e+20 9.564611884621939e+20 44.77059949852356 145.00224452262253 45.14558440069613 234.9184284218422
0.72 1.3549925542302486e+21 9.803608054956037e+20 8.165934762697133e+20 1.1278600430865091e+21 1.1674517655719498e+21 1.1525463872473242e+21 9.621237702161974e+20 9.54655215642755e+20 43.29750078566747 140.22258115071205 43.65357846673194 227.17366040311146
0.73 1.352925123157247e+21 9.778438472228704e+20 8.130656781439144e+20 1.1264538808352334e+21 1.1631580008893318e+21 1.1498396495844103e+21 9.580077503483959e+20 9.528492428233161e+20 41.81957446609803 135.4278442113208 42.15713407191566 219.4045527493345
0.74 1.3508576920842454e+21 9.753268889501372e+20 8.095378800181155e+20 1.125047718583958e+21 1.158864236206714e+21 1.1471329119214962e+21 9.538917304805942e+20 9.510432700038773e+20 40.33679676947561 130.61796228583736 40.65623138125879 211.61099043657174
0.75 1.3487902610112439e+21 9.728099306774042e+20 8.060100818923165e+20 1.1236415563326823e+21 1.154570471524096e+21 1.1444261742585824e+21 9.497757106127929e+20 9.492372971844384e+20 38.84914376914898 125.79286350376103 39.1508504414094 203.7928577143194
0.76 1.346722829938242e+21 9.702929724046709e+20 8.024822837665175e+20 1.1222353940814067e+21 1.1502767068414784e+21 1.1417194365956683e+21 9.456596907449912e+20 9.474313243649996e+20 37.356591380868416 120.95247553912218 37.640971179767845 195.95003809975844
0.77 1.3446553988652406e+21 9.677760141319377e+20 7.989544856407185e+20 1.1208292318301309e+21 1.1459829421588605e+21 1.1390126989327544e+21 9.415436708771894e+20 9.456253515455606e+20 35.859115361485976 116.09672560686857 36.12657340359467 188.08241437194923
0.78 1.3425879677922388e+21 9.652590558592044e+20 7.954266875149193e+20 1.1194230695788554e+21 1.1416891774762426e+21 1.1363059612698403e+21 9.37427651009388e+20 9.438193787261219e+20 34.35669130764289 111.22554045921694 34.60763679911032 180.18986856597013
0.79 1.3405205367192373e+21 9.627420975864712e+20 7.918988893891206e+20 1.1180169073275799e+21 1.1373954127936248e+21 1.1335992236069264e+21 9.333116311415865e+20 9.420134059066829e+20 32.84929465444394 106.33884638196994 33.08414093058699 172.27228196700088
0.8 1.3384531056462358e+21 9.60225139313738e+20 7.883710912633215e+20 1.1166107450763042e+21 1.133101648111007e+21 1.1308924859440123e+21 9.29195611273785e+20 9.40207433087244e+20 31.33690067411862 101.43656919079773 31.55606523943204 164.3295351043484
0.81 1.3363856745732343e+21 9.577081810410048e+20 7.848432931375224e+20 1.1152045828250286e+21 1.1288078834283889e+21 1.1281857482810981e+21 9.250795914059835e+20 9.384014602678052e+20 29.81948447466905 96.51863422748411 30.02338904326326 156.36150774541642
0.8200000000000001 1.3343182435002328e+21 9.551912227682716e+20 7.813154950117234e+20 1.113798420573753e+21 1.1245141187457711e+21 1.1254790106181844e+21 9.209635715381818e+20 9.365954874483663e+20 28.297020998504237 91.5849663561363 28.486091534975788 148.36807888961633
0.8300000000000001 1.3322508124272308e+21 9.526742644955383e+20 7.777876968859245e+20 1.1123922583224772e+21 1.1202203540631534e+21 1.1227722729552705e+21 9.168475516703801e+20 9.347895146289275e+20 26.769485021060852 86.6354899593588 26.944151781800475 140.34912676222012
0.84 1.3301833813542293e+21 9.501573062228053e+20 7.742598987601255e+20 1.1109860960712017e+21 1.1159265893805356e+21 1.1200655352923564e+21 9.127315318025788e+20 9.329835418094887e+20 25.23685114941009 81.67012893438985 25.397548724353832 132.30452880815378
0.85 1.3281159502812278e+21 9.476403479500721e+20 7.707321006343266e+20 1.1095799338199262e+21 1.1116328246979177e+21 1.1173587976294425e+21 9.08615511934777e+20 9.311775689900499e+20 23.699093820850578 76.6888066892009 23.846261175679185 124.23416168573067
0.86 1.326048519208226e+21 9.451233896773386e+20 7.672043025085276e+20 1.1081737715686505e+21 1.1073390600152998e+21 1.1146520599665282e+21 9.044994920669755e+20 9.293715961706109e+20 22.15618730148721 71.69144613855859 22.290267820279258 116.13790126032505
0.87 1.3239810881352245e+21 9.426064314046054e+20 7.636765043827286e+20 1.1067676093173748e+21 1.1030452953326821e+21 1.1119453223036144e+21 9.00383472199174e+20 9.275656233511721e+20 20.60810568479561 66.67796970004825 20.729547213139927 108.01562259798379
0.88 1.321913657062223e+21 9.400894731318724e+20 7.601487062569297e+20 1.1053614470660994e+21 1.0987515306500641e+21 1.1092385846407003e+21 8.962674523313726e+20 9.257596505317333e+20 19.05482289017215 61.648299290059136 19.164077778744897 99.86719995897619
0.89 1.3198462259892215e+21 9.375725148591392e+20 7.566209081311307e+20 1.1039552848148237e+21 1.0944577659674463e+21 1.1065318469777865e+21 8.921514324635708e+20 9.239536777122943e+20 17.49631266146935 56.6023563197306 17.593837810081585 91.69250679128153
0.9 1.3177787949162197e+21 9.350555565864059e+20 7.530931100053318e+20 1.102549122563548e+21 1.0901640012848283e+21 1.1038251093148725e+21 8.880354125957693e+20 9.221477048928555e+20 15.932548565516388 51.54006169085883 16.018805467637737 83.49141572401295
0.91 1.3157113638432182e+21 9.325385983136727e+20 7.495653118795328e+20 1.1011429603122726e+21 1.0858702366022106e+21 1.1011183716519585e+21 8.839193927279677e+20 9.203417320734166e+20 14.363503990624752 46.4613357917638 14.438958778388953 75.2637985607775
0.92 1.3136439327702164e+21 9.300216400409394e+20 7.460375137537338e+20 1.099736798060997e+21 1.0815764719195927e+21 1.0984116339890445e+21 8.798033728601661e+20 9.185357592539777e+20 12.78915214507862 41.366098493115864 12.854275634776851 67.00952627297133
0.93 1.311576501697215e+21 9.275046817682063e+20 7.425097156279349e+20 1.0983306358097212e+21 1.0772827072369749e+21 1.0957048963261305e+21 8.756873529923646e+20 9.167297864345388e+20 11.209466055609921 36.2542691437216 11.264733793677852 58.72846899300937
0.9400000000000001 1.3095090706242134e+21 9.249877234954732e+20 7.389819175021359e+20 1.0969244735584457e+21 1.072988942554357e+21 1.0929981586632165e+21 8.715713331245631e+20 9.149238136151001e+20 9.624418565857914 31.1257665662684 9.670310875362478 50.420496007488794
0.9500000000000001 1.307441639551212e+21 9.224707652227398e+20 7.354541193763368e+20 1.09551831130717e+21 1.068695177871739e+21 1.0902914210003025e+21 8.674553132567615e+20 9.13117840795661e+20 8.033982334812992 25.98050905302738 8.070984362445019 42.08547575028539
0.96 1.30537420847821e+21 9.199538069500068e+20 7.31926321250538e+20 1.0941121490558943e+21 1.0644014131891213e+21 1.0875846833373885e+21 8.633392933889602e+20 9.113118679762222e+20 6.438129835244648 20.818414361514087 6.46673159882353 33.72327579558226
0.97 1.3033067774052087e+21 9.174368486772735e+20 7.28398523124739e+20 1.0927059868046188e+21 1.0601076485065036e+21 1.0848779456744745e+21 8.592232735211584e+20 9.095058951567834e+20 4.836833352113243 15.6393997101064 4.857529788609939 25.33376285082958
0.98 1.3012393463322072e+21 9.149198904045403e+20 7.2487072499894e+20 1.0912998245533433e+21 1.0558138838238856e+21 1.0821712080115605e+21 8.55107253653357e+20 9.076999223373447e+20 3.2300649809656874 10.443381773619652 3.2433559950503907 16.91680274963573
0.99 1.2991719152592054e+21 9.124029321318071e+20 7.21342926873141e+20 1.0898936623020676e+21 1.0515201191412679e+21 1.0794644703486464e+21 8.509912337855555e+20 9.058939495179057e+20 1.617796626314451 5.230276678837701 1.624187139435407 8.472260444587558
