log10tau_V FAKE.FAKE.1500 FAKE.FAKE.2500 FAKE.FAKE.BBa FAKE.FAKE.BBb FAKE.FAKE.D4000a FAKE.FAKE.D4000b FAKE.FAKE.U FAKE.FAKE.V Hbeta_EW OIIIr_EW OIIIb_EW OIIIHbeta_EW
-4.0 1.5033478019997557e+21 1.1613502731938904e+21 1.0704434743018935e+21 1.2289588482296932e+21 1.4764129902213223e+21 1.347270575431975e+21 1.258307427776338e+21 1.0845874792443675e+21 138.33955110082275 449.80744602142545 140.8444695877844 728.9914667100326
-3.9 1.50320404606677e+21 1.1612836723768031e+21 1.0703999019815097e+21 1.2289171710335745e+21 1.4763583809007182e+21 1.3472242821091707e+21 1.2582585892281752e+21 1.0845593502465332e+21 138.33955110082277 449.80744602142545 140.8444695877844 728.9914667100326
-3.8 1.5030230877332305e+21 1.1611998323731898e+21 1.0703450502027173e+21 1.228864704562079e+21 1.4762896347119532e+21 1.3471660045309093e+21 1.258197107842632e+21 1.0845239389760604e+21 138.33955110082277 449.8074460214255 140.8444695877844 728.9914667100327
-3.6999999999999997 1.502795305849491e+21 1.1610942927109729e+21 1.0702759999023389e+21 1.228798656373011e+21 1.4762030929406012e+21 1.347092640991908e+21 1.2581197116490632e+21 1.084479360475571e+21 138.33955110082275 449.80744602142545 140.8444695877844 728.9914667100326
-3.5999999999999996 1.5025085948265824e+21 1.1609614398544887e+21 1.0701890770602112e+21 1.2287155116772604e+21 1.4760941505204962e+21 1.34700028745022e+21 1.2580222824051106e+21 1.0844232420799194e+21 138.33955110082277 449.80744602142545 140.84446958778443 728.9914667100327
-3.4999999999999996 1.5021477252788697e+21 1.1607942097377927e+21 1.0700796577259858e+21 1.228610846706708e+21 1.475957011573599e+21 1.3468840302342318e+21 1.257899637016058e+21 1.0843525973441895e+21 138.33955110082277 449.8074460214255 140.84446958778443 728.9914667100327
-3.3999999999999995 1.501693541413993e+21 1.1605837139136233e+21 1.0699419228572004e+21 1.228479093993259e+21 1.475784381988668e+21 1.3467376853406552e+21 1.2577452526740733e+21 1.0842636674500112e+21 138.33955110082277 449.80744602142556 140.8444695877844 728.9914667100327
-3.2999999999999994 1.5011219542372838e+21 1.1603187699123373e+21 1.0697685501456976e+21 1.2283132472448375e+21 1.475567082932634e+21 1.3465534706490676e+21 1.2575509213296164e+21 1.0841517217405541e+21 138.33955110082277 449.80744602142545 140.84446958778443 728.9914667100327
-3.1999999999999993 1.5004026798178084e+21 1.159985311597537e+21 1.0695503267898068e+21 1.2281044903958872e+21 1.4752935651328367e+21 1.346321593928104e+21 1.2573063154896643e+21 1.0840108069141226e+21 138.33955110082277 449.80744602142545 140.84446958778443 728.9914667100327
-3.099999999999999 1.4994976599521333e+21 1.1595656493790548e+21 1.069275663174992e+21 1.2278417315435334e+21 1.4749492987291503e+21 1.346029735217164e+21 1.2569984428459882e+21 1.0838334317610341e+21 138.33955110082277 449.80744602142545 140.8444695877844 728.9914667100326
-2.999999999999999 1.498359088278808e+21 1.1590375428830769e+21 1.0689299824892848e+21 1.2275110176870658e+21 1.4745160072567833e+21 1.3456623968483727e+21 1.2566109616816652e+21 1.0836101710366259e+21 138.33955110082277 449.8074460214255 140.8444695877844 728.9914667100327
-2.899999999999999 1.496926948036398e+21 1.1583730398534149e+21 1.0684949552317307e+21 1.2270948002706516e+21 1.473970706634027e+21 1.3452000878087583e+21 1.2561233221676947e+21 1.0833291679797179e+21 138.33955110082275 449.8074460214254 140.8444695877844 728.9914667100326
-2.799999999999999 1.4951259481945043e+21 1.1575370244438753e+21 1.0679475401641508e+21 1.2265710142640035e+21 1.4732845006163044e+21 1.3446183010860437e+21 1.2555096903033107e+21 1.0829755099409119e+21 138.33955110082277 449.80744602142545 140.8444695877844 728.9914667100326
-2.699999999999999 1.4928617229481785e+21 1.1564854054821666e+21 1.0672587842955039e+21 1.2259119246612745e+21 1.4724210727442205e+21 1.343886232827262e+21 1.254737601122696e+21 1.0825304453855149e+21 138.33955110082277 449.80744602142545 140.84446958778443 728.9914667100327
-2.5999999999999988 1.490016136521116e+21 1.1551628606800096e+21 1.0663923237822872e+21 1.225082683591768e+21 1.4713348010759763e+21 1.3429651803021779e+21 1.2537662756541833e+21 1.0819704029704275e+21 138.33955110082277 449.8074460214254 140.8444695877844 728.9914667100326
-2.4999999999999987 1.4864415129477686e+21 1.1535000363081419e+21 1.065302515056145e+21 1.2240395285079164e+21 1.4699684057347407e+21 1.3418065415777527e+21 1.2525445218109426e+21 1.081265764247825e+21 138.33955110082275 449.80744602142545 140.84446958778443 728.9914667100327
-2.3999999999999986 1.481953592912059e+21 1.1514100841612136e+21 1.0639321110851133e+21 1.2227275370338326e+21 1.4682500204582131e+21 1.3403493233613362e+21 1.2510081229082277e+21 1.0803793306290833e+21 138.33955110082277 449.8074460214254 140.84446958778443 728.9914667100326
-2.2999999999999985 1.476323013688642e+21 1.1487844000780873e+21 1.0622093817705072e+21 1.2210778371150064e+21 1.4660895581673858e+21 1.338517044779573e+21 1.2490765991458552e+21 1.0792644124328012e+21 138.33955110082277 449.80744602142545 140.84446958778437 728.9914667100326
-2.1999999999999984 1.4692651253009922e+21 1.1454874135005915e+21 1.0600445609441156e+21 1.2190041525886116e+21 1.4633742179133712e+21 1.336213904488608e+21 1.2466492080311902e+21 1.077862453186475e+21 138.33955110082277 449.8074460214254 140.8444695877844 728.9914667100326
-2.0999999999999983 1.460428014858823e+21 1.1413502702545982e+21 1.0573254870368582e+21 1.2163985453631382e+21 1.4599629582643162e+21 1.3333200577971455e+21 1.243600031177194e+21 1.0761000862096218e+21 138.33955110082277 449.8074460214254 140.8444695877844 728.9914667100326
-1.9999999999999982 1.4493787409656843e+21 1.1361632588908584e+21 1.0539122935167498e+21 1.2131261983857354e+21 1.4556797437942424e+21 1.3296858320759347e+21 1.2397719806196842e+21 1.0738855037893111e+21 138.33955110082277 449.80744602142545 140.8444695877844 728.9914667100326
-1.8999999999999981 1.4355880256223993e+21 1.1296668675281804e+21 1.0496310043206033e+21 1.209019072717824e+21 1.4503053631004997e+21 1.325124697417006e+21 1.2349695537592465e+21 1.0711040038239377e+21 138.3395511008228 449.8074460214255 140.8444695877844 728.9914667100327
-1.799999999999998 1.418414077468804e+21 1.1215414437314826e+21 1.0442659081645033e+21 1.203868274598302e+21 1.4435676292891403e+21 1.3194048134965764e+21 1.2289501822879185e+21 1.0676125680680037e+21 138.33955110082277 449.80744602142545 140.84446958778443 728.9914667100327
-1.699999999999998 1.3970869189176368e+21 1.111395595968623e+21 1.0375506389580967e+21 1.1974149963249245e+21 1.4351298243493395e+21 1.312239006382902e+21 1.2214140732280804e+21 1.0632333259565902e+21 138.33955110082277 449.8074460214255 140.84446958778443 728.9914667100327
-1.5999999999999979 1.3706956806566445e+21 1.0987537681179746e+21 1.0291580011375717e+21 1.1893399672294516e+21 1.4245773644366519e+21 1.3032731121016302e+21 1.2119925548799691e+21 1.0577457781986255e+21 138.33955110082277 449.8074460214254 140.84446958778443 728.9914667100326
-1.4999999999999978 1.3381829513990483e+21 1.0830439042245997e+21 1.0186887840903844e+21 1.1792514974982752e+21 1.4114028852789382e+21 1.2920727902926204e+21 1.2002351555452357e+21 1.0508777105695052e+21 138.3395511008228 449.80744602142545 140.8444695877844 728.9914667100327
-1.3999999999999977 1.2983525616565645e+21 1.0635868871765975e+21 1.005660160513337e+21 1.1666724622906908e+21 1.394990336912511e+21 1.2781092107841396e+21 1.1855960146654394e+21 1.0422948449453801e+21 138.33955110082277 449.80744602142545 140.8444695877844 728.9914667100326
-1.2999999999999976 1.2499001870822579e+21 1.0395905890217689e+21 9.894948307133546e+20 1.1510270200919086e+21 1.374599321211465e+21 1.260744519408574e+21 1.167420833060629e+21 1.0315894882094677e+21 138.33955110082277 449.80744602142545 140.8444695877844 728.9914667100326
-1.1999999999999975 1.191479687283362e+21 1.010153020252603e+21 9.695129499433016e+20 1.1316285742057639e+21 1.3493519191041948e+21 1.2392187934236169e+21 1.1449365138192049e+21 1.0182688032156626e+21 138.3395511008228 449.8074460214254 140.8444695877844 728.9914667100327
-1.0999999999999974 1.1218214268487626e+21 9.742812715175025e+20 9.449301624060493e+20 1.1076715788823982e+21 1.3182257754871903e+21 1.2126414222744536e+21 1.1172470477615951e+21 1.0017439124578455e+21 138.33955110082275 449.80744602142545 140.8444695877844 728.9914667100326
-0.9999999999999973 1.0399202446991041e+21 9.309356130288592e+20 9.14866851468373e+20 1.078231380711736e+21 1.280059376225599e+21 1.1799916261579771e+21 1.0833411673623247e+21 9.813219476324237e+20 138.33955110082277 449.8074460214255 140.8444695877844 728.9914667100327
-0.8999999999999972 9.45306959168905e+20 8.791108142233791e+20 8.783760065403582e+20 1.0422784614051763e+21 1.2335783344349145e+21 1.1401352471962591e+21 1.0421198640708228e+21 9.562044813602218e+20 138.33955110082277 449.8074460214254 140.8444695877844 728.9914667100326
-0.7999999999999972 8.384030249149724e+20 8.179683547347995e+20 8.344996913603455e+20 9.987161810841753e+20 1.1774549660533803e+21 1.0918679720541656e+21 9.924548537675056e+20 9.25497607132905e+20 138.33955110082277 449.80744602142545 140.84446958778443 728.9914667100327
-0.6999999999999971 7.209264075675448e+20 7.470314874130154e+20 7.823663078689929e+20 9.464540878146414e+20 1.1104168691542394e+21 1.0339983882072106e+21 9.33291832598454e+20 8.882412678501604e+20 138.3395511008228 449.80744602142545 140.8444695877844 728.9914667100327
-0.599999999999997 5.962627122805046e+20 6.664463390380702e+20 7.213411953897059e+20 8.845311364684137e+20 1.0314221158689849e+21 9.654866757923015e+20 8.638133740103666e+20 8.43468040651969e+20 138.33955110082277 449.80744602142545 140.84446958778443 728.9914667100327
-0.4999999999999969 4.69643340849365e+20 5.772912781127982e+20 6.51238845032981e+20 8.123027810802239e+20 9.39916025601747e+20 8.856540542916388e+20 7.836726961685696e+20 7.903037578445858e+20 138.33955110082277 449.8074460214255 140.8444695877844 728.9914667100327
-0.3999999999999968 3.479091319693821e+20 4.81878941559849e+20 5.7259192563600294e+20 7.296993735014023e+20 8.361723301493936e+20 7.944703985236825e+20 6.93296685634599e+20 7.281225229208672e+20 138.33955110082277 449.80744602142533 140.84446958778437 728.9914667100325
-0.2999999999999967 2.3864652297145847e+20 3.839414250750878e+20 4.869454108833334e+20 6.375454619409853e+20 7.216931518891537e+20 6.929069761400513e+20 5.942287169229239e+20 6.567640288526114e+20 138.33955110082275 449.8074460214255 140.84446958778446 728.9914667100327
-0.19999999999999662 1.4865305108526888e+20 2.8853518224384128e+20 3.97100548630439e+20 5.3789480577214395e+20 5.995916569100335e+20 5.833019390798899e+20 4.8943479025374934e+20 5.768072891806145e+20 138.33955110082277 449.8074460214254 140.84446958778437 728.9914667100325
-0.09999999999999654 8.206777149838143e+19 2.01490369362365e+20 3.071794426081231e+20 4.342822854159107e+20 4.748103497431501e+20 4.696263999865984e+20 3.834347577773121e+20 4.898669518648003e+20 138.33955110082277 449.80744602142545 140.8444695877844 728.9914667100326
3.552713678800501e-15 3.8960810783490654e+19 1.2832711712336365e+20 2.223425453118015e+20 3.3173210921215125e+20 3.5395927917714296e+20 3.5747160338911055e+20 2.820686870922092e+20 3.988337526056154e+20 138.33955110082275 449.8074460214254 140.8444695877844 728.9914667100326
0.1000000000000032 1.5319726203067517e+19 7.282100496350115e+19 1.4802168522982225e+20 2.3632775870142562e+20 2.4454959871642668e+20 2.5354422312883067e+20 1.9172240131149867e+20 3.079264426994514e+20 138.33955110082277 449.80744602142545 140.8444695877844 728.9914667100326
0.20000000000000373 4.762862819405983e+18 3.5762825151468524e+19 8.869611275927465e+19 1.5421004177929663e+20 1.535387049424462e+20 1.6453225356269453e+20 1.1799243747794987e+20 2.2238610526597667e+20 138.33955110082277 449.80744602142545 140.8444695877844 728.9914667100326
0.30000000000000426 1.1054357474832672e+18 1.4659456844625023e+19 4.655191880754146e+19 9.00970521591273e+19 8.545833101280402e+19 9.546477962234547e+19 6.410435419112507e+19 1.4767987311062942e+20 138.33955110082277 449.8074460214254 140.84446958778443 728.9914667100326
0.4000000000000039 1.7840421462156918e+17 4.794977390793474e+18 2.067997005922662e+19 4.580186992851577e+19 4.087397155740583e+19 4.811247430360014e+19 2.9784899093596107e+19 8.825456674235446e+19 138.33955110082275 449.8074460214255 140.8444695877844 728.9914667100327
0.5000000000000036 1.833427548004269e+16 1.1836813003409006e+18 7.447846149250145e+18 1.9542936390265303e+19 1.6153678234295048e+19 2.0308335189413384e+19 1.1375334537708458e+19 4.619899072807622e+19 138.33955110082277 449.8074460214254 140.84446958778443 728.9914667100326
0.6000000000000041 1075222789141148.6 2.058262265904154e+17 2.0599087662736556e+18 6.688716529114444e+18 5.021240148675561e+18 6.857855653835089e+18 3.398643563460238e+18 2.0479782086228402e+19 138.33955110082277 449.80744602142545 140.8444695877844 728.9914667100326
0.7000000000000046 31358263071634.125 2.314607284391576e+16 4.087086681818519e+17 1.7344486226238584e+18 1.153786842152318e+18 1.7488796388041405e+18 7.468538656552388e+17 7.369692729268951e+18 138.33955110082277 449.80744602142545 140.84446958778443 728.9914667100327
0.8000000000000043 382197141913.82513 1513813271328578.5 5.339951733963433e+16 3.171435938313472e+17 1.8127392351398656e+17 3.1325318474046394e+17 1.1178622408617555e+17 2.042018745078755e+18 138.33955110082277 449.80744602142545 140.84446958778443 728.9914667100327
0.9000000000000039 1561251352.6281676 50431474754390.48 4125608770395611.0 3.73570046910449e+16 1.7654011474235316e+16 3.5974432579592612e+16 1.0356086420586786e+16 4.078791252486885e+17 138.33955110082277 449.80744602142545 140.8444695877844 728.9914667100326
