log10_duration FAKE.FAKE.1500 FAKE.FAKE.2500 FAKE.FAKE.BBa FAKE.FAKE.BBb FAKE.FAKE.D4000a FAKE.FAKE.D4000b FAKE.FAKE.U FAKE.FAKE.V Hbeta_EW OIIIr_EW OIIIb_EW OIIIHbeta_EW
6.0 8.602963200758577e+21 6.255167660942483e+21 4.326193886761512e+21 3.6145777301910785e+21 4.337764649061115e+21 3.795127619293026e+21 4.448577293686985e+21 2.502472226354455e+21 51.128004195016715 329.1486115603405 105.29436877111881 485.570984526476
6.1 8.822116483663396e+21 6.468441938875516e+21 4.4756406721175125e+21 3.7499397847348003e+21 4.4827167700168365e+21 3.931660936201825e+21 4.5975326036329366e+21 2.595911398983016e+21 48.85190710520353 308.49746395407385 98.69724397107909 456.04661503035646
6.199999999999999 9.311824850163037e+21 6.963564583947147e+21 4.826203759955916e+21 4.072908763324878e+21 4.827648424992281e+21 4.2568394551055247e+21 4.948635629195097e+21 2.8193389083690984e+21 43.85844137936446 265.56538302974343 84.98542420773887 394.4092486168468
6.299999999999999 9.895093213796508e+21 7.612435089533547e+21 5.296572197483937e+21 4.521762361839673e+21 5.304493585417716e+21 4.7071297715959067e+21 5.424063570153634e+21 3.131148476761057e+21 37.684719442898405 217.6207819822542 69.54114480955103 324.84664623470366
6.399999999999999 1.0292640465130902e+22 8.165970870292652e+21 5.730217129953786e+21 4.977920248244446e+21 5.778033370691348e+21 5.161505237654843e+21 5.869192471984272e+21 3.458407943459259e+21 31.92437546566022 179.60186125064706 57.05009391422447 268.57633063053174
6.499999999999998 1.0203286673388986e+22 8.29938728939221e+21 5.898335479280518e+21 5.255224442786242e+21 6.03506653680662e+21 5.430289333796235e+21 6.061579667002853e+21 3.684480593980963e+21 27.526602201101664 155.1769203645488 48.92319153218297 231.62671409783346
6.599999999999998 9.642642057478682e+21 7.959579539023819e+21 5.710190423309456e+21 5.19698305212043e+21 5.9174704352064e+21 5.356723510053886e+21 5.890044730994056e+21 3.6785540036144996e+21 24.593354856652144 138.7078240861257 43.55780511499225 206.8589840577701
6.6999999999999975 8.807350021479903e+21 7.323368886839462e+21 5.274290911336482e+21 4.868011766341685e+21 5.507015344936852e+21 5.008727663940798e+21 5.453983159309247e+21 3.4830144100483124e+21 22.465107181245465 125.14358749584915 39.27696278148071 186.8856574585753
6.799999999999997 7.843290401885985e+21 6.55524935261963e+21 4.733205534900783e+21 4.426891465548077e+21 4.977143563019112e+21 4.5475037325700744e+21 4.907284433707467e+21 3.2161270647561545e+21 20.568014398888778 113.03697467867885 35.472142267316734 169.07713134488435
6.899999999999997 6.841407119457483e+21 5.748167670975836e+21 4.1613094963390757e+21 3.9413557671124885e+21 4.4060540736126425e+21 4.0425457787714326e+21 4.3257386179396014e+21 2.923718983253544e+21 18.88748735197269 103.13737559082772 32.31873408093579 154.34359702373618
6.9999999999999964 5.866408453982903e+21 4.959428385451802e+21 3.60262322911057e+21 3.455796434165164e+21 3.840562128362513e+21 3.5389993130407473e+21 3.754447409941419e+21 2.6260060095836633e+21 17.424586652810163 95.04983054037761 29.690112658486527 142.1645298516743
7.099999999999996 4.960911026694033e+21 4.2218848107041123e+21 3.081628371124329e+21 2.9959322947709986e+21 3.306585173286722e+21 3.062813593029469e+21 3.217968972562759e+21 2.3268609847684686e+21 16.18470093185123 88.38250779960744 27.469883509619738 132.0370922410784
7.199999999999996 4.155259530668311e+21 3.5631000080140117e+21 2.618929181642517e+21 2.5899960856934597e+21 2.8337215955835274e+21 2.642339663566697e+21 2.7412854987867685e+21 2.045760474325469e+21 15.041956744405697 82.14988826276087 25.384996153582478 122.57684116074904
7.299999999999995 3.4569845766501606e+21 2.9895597790380394e+21 2.2197850195235869e+21 2.2516446236922733e+21 2.436529151588773e+21 2.2913551126512848e+21 2.3344426201839396e+21 1.8003818886795792e+21 13.885944186058582 75.60569004786367 23.246570603505763 112.73820483742801
7.399999999999995 2.8635918337053887e+21 2.497915493320068e+21 1.8773466802660413e+21 1.964528628539258e+21 2.0993428122113965e+21 1.993601740359763e+21 1.987363487283204e+21 1.5859584588363095e+21 12.767691762964418 69.09013826982864 21.16256851919636 103.02039855198942
7.499999999999995 2.366117648342504e+21 2.081758068417608e+21 1.5853168541488967e+21 1.716391480614638e+21 1.809416251297228e+21 1.736631033277122e+21 1.6908661080107115e+21 1.3955319551599108e+21 11.72876725162092 62.946863471476924 19.227406106933806 93.90303683003165
7.599999999999994 1.9508961686029596e+21 1.7315964718425896e+21 1.3382742036117607e+21 1.5044752295918061e+21 1.562176127358751e+21 1.517375045915957e+21 1.4396032662692e+21 1.2328265677860003e+21 10.738350461108709 57.00659277342898 17.384260734073223 85.12920396861091
7.699999999999994 1.605254768367666e+21 1.437810045028695e+21 1.1295175487720178e+21 1.3211040607723887e+21 1.349189192376852e+21 1.3279508078208287e+21 1.2259454707690158e+21 1.0920694957561525e+21 9.813718372899682 51.407292960318436 15.666584471833314 76.88759580505143
7.799999999999994 1.3176198691963994e+21 1.191277921147066e+21 9.526753605011822e+20 1.1596168595886367e+21 1.163633787436548e+21 1.1616414754060012e+21 1.0431783465164631e+21 9.695077561024905e+20 8.954889575067083 46.2210367595594 14.088108924343464 69.26403525896994
7.899999999999993 1.0791517288206061e+21 9.851833308369783e+20 8.031575824810457e+20 1.0163108381910088e+21 1.0017651030497559e+21 1.0146822637243665e+21 8.868857926645011e+20 8.612384412869683e+20 8.160387377745149 41.50448468851708 12.659900985719696 62.32477305198192
7.999999999999993 8.82530660078419e+20 8.140115239249915e+20 6.773104145082591e+20 8.897560896925367e+20 8.617488150779337e+20 8.855137791056034e+20 7.53998877266281e+20 7.651283121088583e+20 7.433245252368025 37.26485733350509 11.378793457497366 56.07689604337048
8.099999999999993 7.199535766731128e+20 6.711594842017553e+20 5.7028902284007545e+20 7.775674533875975e+20 7.399069003858545e+20 7.715108026647487e+20 6.400687699225911e+20 6.812099130167595e+20 6.774427760278236 33.453641482924375 10.228452731476995 50.45652197467961
8.199999999999992 5.8562568391944366e+20 5.5201508993203877e+20 4.7914858567166624e+20 6.787303937369976e+20 6.348801510436698e+20 6.714153968570415e+20 5.42640216067419e+20 6.044946911612797e+20 6.192137866197567 30.097300660911674 9.219060868381863 45.50849939549111
8.299999999999992 4.749112035552558e+20 4.527613239983342e+20 4.0163822661449515e+20 5.923218840328393e+20 5.444398394106936e+20 5.841225742217848e+20 4.5942483847195296e+20 5.352604681297223e+20 5.66645509730076 27.079962249625574 8.315971720343505 41.06238906726984
8.399999999999991 3.83670366065982e+20 3.6983613721920576e+20 3.353568462189545e+20 5.1598621223667735e+20 4.653345446006607e+20 5.0720382862720945e+20 3.876723642624908e+20 4.743668591886269e+20 5.186897097612001 24.35450080286096 7.501028582386049 37.042426482859014
8.499999999999991 3.08914067484963e+20 3.011012676739344e+20 2.7908754755495638e+20 4.4849328586453307e+20 3.967069091853501e+20 4.39355686983805e+20 3.262186854650129e+20 4.1793117313475006e+20 4.769823106111087 21.99776634995017 6.796638950504818 33.56422840656607
8.59999999999999 2.4779746347481543e+20 2.4422195044599185e+20 2.3145640608653594e+20 3.886314113952024e+20 3.3673496395240446e+20 3.793544262420878e+20 2.7352054923321763e+20 3.6804518508024804e+20 4.394983845627878 19.911556825870957 6.170224341077803 30.476765012576635
8.69999999999999 1.9802964047505716e+20 1.9729558042035873e+20 1.9127155658066775e+20 3.351245680634488e+20 2.8404904332309814e+20 3.2594539055932663e+20 2.283029896534135e+20 3.2451809259787446e+20 4.052113081407565 18.055344842971504 5.609390562215219 27.716848486594287
8.79999999999999 1.5787993117970756e+20 1.589373781633294e+20 1.5770738733558248e+20 2.8734973642512223e+20 2.3833218977411298e+20 2.785571601037505e+20 1.898975506743041e+20 2.861916117762441e+20 3.7353588203700707 16.414782691136267 5.109720753441712 25.25986226494805
8.89999999999999 1.2567585998789997e+20 1.277326172632016e+20 1.2979792254540566e+20 2.447738802963087e+20 1.989822958761613e+20 2.366631351853987e+20 1.5745708736038198e+20 2.5310973884872655e+20 3.4370716341515095 14.95729690363636 4.659442342380991 23.05381088016886
8.99999999999999 9.99331945133201e+19 1.024421571480339e+20 1.0670221774804664e+20 2.071570925059194e+20 1.6549234254253572e+20 1.998986733013646e+20 1.3025035367587337e+20 2.218820573300429e+20 3.173151184218426 13.725003766651326 4.278303766352774 21.176458717222527
9.099999999999989 7.942355598064745e+19 8.200610630843166e+19 8.764869033855082e+19 1.7419807728726897e+20 1.3711362977331375e+20 1.6784895927602892e+20 1.0751088847717828e+20 1.9131326436175643e+20 2.949350221310713 12.718841211093462 3.970500083118869 19.638691515523043
9.199999999999989 6.31158744397968e+19 6.555002865574873e+19 7.190471804323439e+19 1.4570748478347862e+20 1.1316346131691292e+20 1.4025505959601414e+20 8.852230219518172e+19 1.6404041974247283e+20 2.749041375840741 11.847618152903625 3.702949377789781 18.299608906534147
9.299999999999988 5.015242817160727e+19 5.232807521193777e+19 5.885332771420407e+19 1.2126492326869469e+20 9.299465486568035e+19 1.166559811301261e+20 7.26521423501171e+19 1.4072071017093169e+20 2.566165519922869 11.070815876172693 3.4607618726855742 17.097743268781137
9.399999999999988 3.984669162254728e+19 4.172607978163796e+19 4.8036577807275426e+19 1.0041662050922527e+20 7.608656848462697e+19 9.656405127141913e+19 5.941685798561531e+19 1.2010463856081081e+20 2.406854776437962 10.40221769515035 3.2509659764704897 16.0600384480588
9.499999999999988 3.1655144941757178e+19 3.3240651459539812e+19 3.909222321162622e+19 8.278036029085834e+19 6.199597117332244e+19 7.958744006319863e+19 4.842444960348523e+19 1.0194225834433282e+20 2.268761512841009 9.82444873608123 3.069162143541566 15.162372392463805
9.599999999999987 2.5146302512216945e+19 2.64629376287238e+19 3.1725334608566583e+19 6.796799299808475e+19 5.033742871755052e+19 6.533994870902247e+19 3.934338879608286e+19 8.604052696645876e+19 2.1496256375193763 9.326012233852994 2.911966237383323 14.387604108755694
9.699999999999987 1.9975312684391825e+19 2.1056247737661444e+19 2.5689353652318745e+19 5.5636009240621285e+19 4.0759862339104104e+19 5.348441629151847e+19 3.1887551175178682e+19 7.230348711198613e+19 2.0449120980572033 8.887550965271007 2.7734219767960764 13.705885040124286
9.799999999999986 1.5867539136340701e+19 1.6749456202599924e+19 2.077892902241974e+19 4.547284340462086e+19 3.2958677988772483e+19 4.37163764551525e+19 2.5813510441652855e+19 6.05955193471809e+19 1.949589473168173 8.48860672806676 2.647251355580304 13.085447556815236
9.899999999999986 1.4142219938004494e+19 1.4938712407951954e+19 1.869505867825855e+19 4.1134238356878524e+19 2.964740845241384e+19 3.954668092909107e+19 2.3234474116158407e+19 5.5511658957074014e+19 1.9021026992429335 8.289769262200966 2.584398761908214 12.776270723352114
9.999999999999986 1.4142219938004494e+19 1.4938712407951954e+19 1.869505867825855e+19 4.1134238356878524e+19 2.964740845241384e+19 3.954668092909107e+19 2.3234474116158407e+19 5.5511658957074014e+19 1.9021026992429335 8.289769262200966 2.584398761908214 12.776270723352114
