log10_duration FAKE.FAKE.1500 FAKE.FAKE.2500 FAKE.FAKE.BBa FAKE.FAKE.BBb FAKE.FAKE.D4000a FAKE.FAKE.D4000b FAKE.FAKE.U FAKE.FAKE.V Hbeta_EW OIIIr_EW OIIIb_EW OIIIHbeta_EW
6.0 3.1645487597601246e+20 8.347568077538302e+20 9.70063258275766e+20 1.0883576870111881e+21 1.0861401721942684e+21 1.0871314591605204e+21 1.0248211090277968e+21 9.595239609879357e+20 0.0 0.0 0.0 0.0
6.1 3.2465460504527575e+20 8.641710046487039e+20 1.0068811979458983e+21 1.1302665530639594e+21 1.1280910899462818e+21 1.1290944450314266e+21 1.0640721821912097e+21 9.978910890474863e+20 0.0 0.0 0.0 0.0
6.199999999999999 3.429179976130943e+20 9.325462409486336e+20 1.0935873817439631e+21 1.230314156350974e+21 1.2279712497902643e+21 1.2292411824039293e+21 1.1569800471838336e+21 1.0897919668999068e+21 0.0 0.0 0.0 0.0
6.299999999999999 3.6460206808279784e+20 1.0224252601150143e+21 1.210918088634499e+21 1.3695282378214316e+21 1.3664383779132e+21 1.368513425456906e+21 1.2839376663549853e+21 1.2185061539669585e+21 0.0 0.0 0.0 0.0
6.399999999999999 3.7942319982128955e+20 1.0996949577331856e+21 1.3208565251760296e+21 1.5113073740294594e+21 1.504855591770232e+21 1.5100516610339617e+21 1.405527909583895e+21 1.3543625209109527e+21 0.0 0.0 0.0 0.0
6.499999999999998 3.76230751800907e+20 1.1198032279792579e+21 1.3676354343054208e+21 1.5983075462873282e+21 1.5837899052320828e+21 1.5961885635202877e+21 1.4644087086136846e+21 1.450071124422891e+21 0.0 0.0 0.0 0.0
6.599999999999998 3.555470823881067e+20 1.0752985121062068e+21 1.3291503718799392e+21 1.582425324439276e+21 1.5607234858211032e+21 1.5794907549460655e+21 1.4313298601297746e+21 1.4526561721564825e+21 0.0 0.0 0.0 0.0
6.6999999999999975 3.24690263500263e+20 9.902545340695621e+20 1.2312980835209204e+21 1.4835108252539208e+21 1.458006372424452e+21 1.48022001570858e+21 1.331104746872217e+21 1.3789833698842847e+21 0.0 0.0 0.0 0.0
6.799999999999997 2.89098340258412e+20 8.871216870635758e+20 1.1079417698560626e+21 1.3500951044690763e+21 1.322135426476192e+21 1.346613728914005e+21 1.202354881024505e+21 1.2764287138653806e+21 0.0 0.0 0.0 0.0
6.899999999999997 2.5214264892862995e+20 7.784821209774497e+20 9.764536113937048e+20 1.2028095172679704e+21 1.1737458270453591e+21 1.1992087695499332e+21 1.0635675853919416e+21 1.163106810567717e+21 0.0 0.0 0.0 0.0
6.9999999999999964 2.1621538805239526e+20 6.721185495792794e+20 8.471887694077884e+20 1.055233729196631e+21 1.0255593796324283e+21 1.0514722077261018e+21 9.259105698955551e+20 1.0469463891805724e+21 0.0 0.0 0.0 0.0
7.099999999999996 1.828656491973805e+20 5.725225514060477e+20 7.260233825557664e+20 9.152726743729836e+20 8.847951343937487e+20 9.112398926838542e+20 7.95661946746588e+20 9.293879786574541e+20 0.0 0.0 0.0 0.0
7.199999999999996 1.5320355764724472e+20 4.8349183790260296e+20 6.180683954179859e+20 7.916428152546722e+20 7.59780809511011e+20 7.871857357252611e+20 6.794878556055934e+20 8.183885865813389e+20 0.0 0.0 0.0 0.0
7.299999999999995 1.275038755291753e+20 4.059364170455622e+20 5.247265935152741e+20 6.885770263119888e+20 6.546687057282073e+20 6.835725557471285e+20 5.802142408183447e+20 7.212422704749353e+20 0.0 0.0 0.0 0.0
7.399999999999995 1.05665955922566e+20 3.394070815349004e+20 4.444601029292191e+20 6.01077833325615e+20 5.6526288748968614e+20 5.955602917037251e+20 4.953391390178533e+20 6.361562216011013e+20 0.0 0.0 0.0 0.0
7.499999999999995 8.735507466455143e+19 2.8305086345536773e+20 3.7586311565180895e+20 5.2540761770186775e+20 4.8817996507392836e+20 5.194675021915713e+20 4.22612060074043e+20 5.6040589124402774e+20 0.0 0.0 0.0 0.0
7.599999999999994 7.206778040657031e+19 2.356003082608003e+20 3.177264374278162e+20 4.6074819851437054e+20 4.222890571337778e+20 4.5444717583677496e+20 3.6081390225191594e+20 4.956014136403216e+20 0.0 0.0 0.0 0.0
7.699999999999994 5.933746054197659e+19 1.9576264435050453e+20 2.6851211759499136e+20 4.047633714694324e+20 3.6537518229567373e+20 3.981784238111513e+20 3.080963303668593e+20 4.394596567166879e+20 0.0 0.0 0.0 0.0
7.799999999999994 4.873797477448058e+19 1.6230932088984293e+20 2.2674968487709304e+20 3.554255602798403e+20 3.156497356121782e+20 3.486833979483969e+20 2.6284072588570942e+20 3.905137337139468e+20 0.0 0.0 0.0 0.0
7.899999999999993 3.994477095270075e+19 1.3432369896573156e+20 1.913849071663187e+20 3.116122163906289e+20 2.7215399417791093e+20 3.0486676829132626e+20 2.2400473222365728e+20 3.472142336768779e+20 0.0 0.0 0.0 0.0
7.999999999999993 3.2690429724990255e+19 1.1106489347063574e+20 1.6157606668356436e+20 2.7289609911748257e+20 2.3444296806878773e+20 2.662914318815746e+20 1.908801125572766e+20 3.087223517898068e+20 0.0 0.0 0.0 0.0
8.099999999999993 2.6687744232256586e+19 9.163799399341731e+19 1.3618463909630593e+20 2.3855487737111724e+20 2.0155163876495006e+20 2.3219212621891178e+20 1.6239013904580005e+20 2.750864822821581e+20 0.0 0.0 0.0 0.0
8.199999999999992 2.172426909332728e+19 7.542156770420883e+19 1.145276660066808e+20 2.082856175537825e+20 1.7314796609542278e+20 2.0221321482188423e+20 1.3796412020195403e+20 2.442814482491718e+20 0.0 0.0 0.0 0.0
8.299999999999992 1.7629979225802885e+19 6.190055256635038e+19 9.608351880808345e+19 1.8181186217402778e+20 1.4864803151971228e+20 1.7603989822699225e+20 1.1705197058644484e+20 2.1643786479469832e+20 0.0 0.0 0.0 0.0
8.399999999999991 1.4252584903511749e+19 5.059257572809876e+19 8.028839756339197e+19 1.584146584691053e+20 1.2717726053149226e+20 1.5295110052533246e+20 9.896880826390369e+19 1.919298741228724e+20 0.0 0.0 0.0 0.0
8.499999999999991 1.1483240548233828e+19 4.121184667156711e+19 6.686270301867273e+19 1.377196830062885e+20 1.0852061116551255e+20 1.3256384561777992e+20 8.344100126305208e+19 1.6917938171368528e+20 0.0 0.0 0.0 0.0
8.59999999999999 9.217344029874746e+18 3.344285065064015e+19 5.5485355567267684e+19 1.1935811478473258e+20 9.219007741022013e+19 1.1451694560257648e+20 7.008774983779246e+19 1.4905848161238876e+20 0.0 0.0 0.0 0.0
8.69999999999999 7.370367559894382e+18 2.7028286853743866e+19 4.587698050426157e+19 1.0294046482722574e+20 7.781963460808527e+19 9.84376734208342e+19 5.859514753797112e+19 1.3149988743164728e+20 0.0 0.0 0.0 0.0
8.79999999999999 5.878667200297606e+18 2.1781610170103464e+19 3.7845195699276145e+19 8.827730283668639e+19 6.5332704526633755e+19 8.415868744112053e+19 4.880730335248915e+19 1.1603543954034414e+20 0.0 0.0 0.0 0.0
8.89999999999999 4.680805129366068e+18 1.7511017041681582e+19 3.1161834503221223e+19 7.520644633804236e+19 5.457207110063178e+19 7.152518858690846e+19 4.051926019645588e+19 1.0268935715197544e+20 0.0 0.0 0.0 0.0
8.99999999999999 3.722508844919564e+18 1.4048217011674614e+19 2.562784798046079e+19 6.365535378894012e+19 4.540539760701401e+19 6.043109334541008e+19 3.3554056543717806e+19 9.006973692771466e+19 0.0 0.0 0.0 0.0
9.099999999999989 2.9586965251307796e+18 1.1248902225205567e+19 2.105993758804123e+19 5.353246180859255e+19 3.7631596348154495e+19 5.075427729196992e+19 2.772156044089102e+19 7.768817045131767e+19 0.0 0.0 0.0 0.0
9.199999999999989 2.3512848881845e+18 8.993867152988431e+18 1.7283392240316174e+19 4.478060455528416e+19 3.106667955639142e+19 4.241905131250243e+19 2.2843145638362997e+19 6.663435021014455e+19 0.0 0.0 0.0 0.0
9.299999999999988 1.8684055695406533e+18 7.181315360239812e+18 1.4150934343625679e+19 3.7271236636586615e+19 2.5535270681028047e+19 3.5287792719220367e+19 1.8760004451046568e+19 5.718289969298278e+19 0.0 0.0 0.0 0.0
9.399999999999988 1.484499687176281e+18 5.727413852802269e+18 1.1553414802329332e+19 3.086532154555898e+19 2.0896089144051327e+19 2.921436681972812e+19 1.5350627539822778e+19 4.882259906483519e+19 0.0 0.0 0.0 0.0
9.499999999999988 1.1793350821375388e+18 4.563404629671775e+18 9.404487561263129e+18 2.54457871133658e+19 1.7028600893511797e+19 2.408128247319354e+19 1.251620622367289e+19 4.145299690554645e+19 0.0 0.0 0.0 0.0
9.599999999999987 9.368492549698948e+17 3.633415091049054e+18 7.633819100884795e+18 2.089361304541496e+19 1.3827793586801175e+19 1.9772428971448164e+19 1.0172782828285841e+19 3.4997145878327198e+19 0.0 0.0 0.0 0.0
9.699999999999987 7.441998549316481e+17 2.891389015392518e+18 6.182545202489225e+18 1.7103439100923105e+19 1.1197775759686668e+19 1.6186339707973296e+19 8.247570352437006e+18 2.9417549423848833e+19 0.0 0.0 0.0 0.0
9.799999999999986 5.911603451971736e+17 2.3002252911103322e+18 5.001602153138863e+18 1.3979661983814973e+19 9.055263339965564e+18 1.3231292930439868e+19 6.678466315501103e+18 2.4660212512698327e+19 0.0 0.0 0.0 0.0
9.899999999999986 5.268817716034572e+17 2.0516618267332974e+18 4.500385436669348e+18 1.2646103329547014e+19 8.145811394624224e+18 1.1969798331291994e+19 6.012106678392163e+18 2.259407081733538e+19 0.0 0.0 0.0 0.0
9.999999999999986 5.268817716034572e+17 2.0516618267332974e+18 4.500385436669348e+18 1.2646103329547014e+19 8.145811394624224e+18 1.1969798331291994e+19 6.012106678392163e+18 2.259407081733538e+19 0.0 0.0 0.0 0.0
