log10_duration FAKE.FAKE.1500 FAKE.FAKE.2500 FAKE.FAKE.BBa FAKE.FAKE.BBb FAKE.FAKE.D4000a FAKE.FAKE.D4000b FAKE.FAKE.U FAKE.FAKE.V Hbeta_EW OIIIr_EW OIIIb_EW OIIIHbeta_EW
6.0 1.454538853097961e+21 1.6254114654852135e+21 1.3439617581934382e+21 1.294274883847527e+21 1.3823718424897454e+21 1.3043553222416162e+21 1.3685379187042198e+21 9.718975167150015e+20 0.0 0.0 0.0 0.0
6.1 1.4667245667835028e+21 1.6409651860841892e+21 1.3568835237212604e+21 1.3064055922386136e+21 1.395490004995133e+21 1.3166336738798474e+21 1.3816373620053778e+21 9.808085592543889e+20 0.0 0.0 0.0 0.0
6.199999999999999 1.4925078323510434e+21 1.6746546054711508e+21 1.385064440834848e+21 1.3329094809284025e+21 1.424075671774138e+21 1.3434417963759777e+21 1.410194419205849e+21 1.0003859945863764e+21 0.0 0.0 0.0 0.0
6.299999999999999 1.5399172321621225e+21 1.7442260590812316e+21 1.4516622717568378e+21 1.4233528569421798e+21 1.5150224788292633e+21 1.4338443208733447e+21 1.4867333605351822e+21 1.0765094902313336e+21 0.0 0.0 0.0 0.0
6.399999999999999 1.616855374782828e+21 1.9009922292807906e+21 1.6553973268469268e+21 1.860729225963775e+21 1.9302566966754358e+21 1.8668217070956692e+21 1.7729127839450766e+21 1.4710460162512514e+21 0.0 0.0 0.0 0.0
6.499999999999998 1.6523849193735756e+21 2.0327251809000444e+21 1.8790393317456612e+21 2.5031443244698514e+21 2.5260648159268653e+21 2.5007802422289823e+21 2.1415712093091015e+21 2.0764575326979298e+21 0.0 0.0 0.0 0.0
6.599999999999998 1.6114693263028608e+21 2.040485781025163e+21 1.962607267659401e+21 2.9319538643254745e+21 2.902689053824929e+21 2.920762443927827e+21 2.3398183201252442e+21 2.5151859995833973e+21 0.0 0.0 0.0 0.0
6.6999999999999975 1.5235573006552825e+21 1.9585933960015976e+21 1.9200963787997215e+21 3.0118265213709394e+21 2.948847036534599e+21 2.9954097763702916e+21 2.3320599609631197e+21 2.6453248428920873e+21 0.0 0.0 0.0 0.0
6.799999999999997 1.4059854363984852e+21 1.8228909219843036e+21 1.7996311174294376e+21 2.8378003022446356e+21 2.768795108266021e+21 2.8210153537509744e+21 2.1878894451343368e+21 2.5247402076777564e+21 0.0 0.0 0.0 0.0
6.899999999999997 1.2735266785112778e+21 1.6618865007627314e+21 1.6436046235864277e+21 2.563221558530903e+21 2.502341009610279e+21 2.548253636078252e+21 1.987958997766246e+21 2.2834166707824708e+21 0.0 0.0 0.0 0.0
6.9999999999999964 1.1333566444829467e+21 1.4873185792277663e+21 1.4708302750355075e+21 2.2572388424606136e+21 2.2079227932590177e+21 2.2445881612060695e+21 1.7668345136338457e+21 2.0030896284582404e+21 0.0 0.0 0.0 0.0
7.099999999999996 9.918318087307164e+20 1.3098896360848941e+21 1.2959805450813382e+21 1.9608121775604475e+21 1.9215529391529987e+21 1.950182582350314e+21 1.5476092062367275e+21 1.7308713435976203e+21 0.0 0.0 0.0 0.0
7.199999999999996 8.560079630095277e+20 1.1378870831949105e+21 1.126727429814561e+21 1.685326446633075e+21 1.6539001586891694e+21 1.6763124827321915e+21 1.3392038870820478e+21 1.4792283797093598e+21 0.0 0.0 0.0 0.0
7.299999999999995 7.310605671071528e+20 9.781760320816756e+20 9.705267897000511e+20 1.4398466276941059e+21 1.4137477355325987e+21 1.4319967350572594e+21 1.1494896914046432e+21 1.257425963870683e+21 0.0 0.0 0.0 0.0
7.399999999999995 6.194647764206368e+20 8.345930879210684e+20 8.310537669220173e+20 1.227358507819383e+21 1.204359739286522e+21 1.2202599215869492e+21 9.819486562867245e+20 1.0673250269440559e+21 0.0 0.0 0.0 0.0
7.499999999999995 5.2199025108364676e+20 7.081855863167507e+20 7.084748058318799e+20 1.0455559153373644e+21 1.0236433676903509e+21 1.0388269355913434e+21 8.357584039412686e+20 9.060496237160723e+20 0.0 0.0 0.0 0.0
7.599999999999994 4.386842044321273e+20 5.99635165719778e+20 6.033860595827509e+20 8.932858924959327e+20 8.709338287689828e+20 8.866249632043988e+20 7.110210550688357e+20 7.720933896259902e+20 0.0 0.0 0.0 0.0
7.699999999999994 3.6775674549683107e+20 5.0697955623505094e+20 5.138535064894986e+20 7.660254293763322e+20 7.427649035861759e+20 7.593347023596973e+20 6.054580635950987e+20 6.61058976839277e+20 0.0 0.0 0.0 0.0
7.799999999999994 3.071988724305752e+20 4.27506304940456e+20 4.3707456168691565e+20 6.5886848784514e+20 6.346869907224197e+20 6.52137652563189e+20 5.157347657423048e+20 5.684066422440672e+20 0.0 0.0 0.0 0.0
7.899999999999993 2.5603914363763474e+20 3.603789687677744e+20 3.726079754656468e+20 5.715346926207824e+20 5.4609292798179036e+20 5.6469632524120156e+20 4.412876017487509e+20 4.9538062150721274e+20 0.0 0.0 0.0 0.0
7.999999999999993 2.1309220005934803e+20 3.039105363197443e+20 3.1847688094081594e+20 4.993870290226418e+20 4.727738151120264e+20 4.924420232045369e+20 3.792296351127756e+20 4.3515116703571175e+20 0.0 0.0 0.0 0.0
8.099999999999993 1.767157315456875e+20 2.5546230340432023e+20 2.7162864011422325e+20 4.369355861361261e+20 4.093566719656483e+20 4.299212959311282e+20 3.255992540045359e+20 3.836350721682091e+20 0.0 0.0 0.0 0.0
8.199999999999992 1.4603454701801736e+20 2.1413576939403795e+20 2.3146572516922943e+20 3.8409317216935346e+20 3.5536337127747276e+20 3.769916069370007e+20 2.7982383027086538e+20 3.436855469110686e+20 0.0 0.0 0.0 0.0
8.299999999999992 1.2026775828207023e+20 1.7892015534301594e+20 1.967308306310274e+20 3.371873816593683e+20 3.07936247096452e+20 3.301101928865694e+20 2.3999157931267188e+20 3.075674112795367e+20 0.0 0.0 0.0 0.0
8.399999999999991 9.880172038941221e+19 1.4930673426675358e+20 1.6734065125137914e+20 2.976919043275731e+20 2.6810778411150757e+20 2.9065035331827014e+20 2.064217868447381e+20 2.7623262577328433e+20 0.0 0.0 0.0 0.0
8.499999999999991 8.095389939263208e+19 1.2441347894324457e+20 1.4245254923247172e+20 2.642869350230432e+20 2.3440027369678235e+20 2.57269320396391e+20 1.7802168696301306e+20 2.4941154878421674e+20 0.0 0.0 0.0 0.0
8.59999999999999 6.604894067598062e+19 1.032761429587959e+20 1.2101532409479994e+20 2.3513291278173405e+20 2.0496106302979116e+20 2.2813185823894425e+20 1.5342715302840222e+20 2.2606283462975865e+20 0.0 0.0 0.0 0.0
8.69999999999999 5.366756862130388e+19 8.53663900081417e+19 1.0237824138621282e+20 2.0792219424135155e+20 1.781322269839645e+20 2.010686271880708e+20 1.3158999376619761e+20 2.034690969015943e+20 0.0 0.0 0.0 0.0
8.79999999999999 4.3459312125312614e+19 7.029590203941922e+19 8.628173185134705e+19 1.82147115806435e+20 1.5342323960218023e+20 1.7558493583484817e+20 1.1215829279096468e+20 1.8128987753852296e+20 0.0 0.0 0.0 0.0
8.89999999999999 3.513759235983407e+19 5.7877715374836695e+19 7.28930977909532e+19 1.601235610420935e+20 1.324673873111458e+20 1.5385212175557863e+20 9.5850303600783e+19 1.6258120208318048e+20 0.0 0.0 0.0 0.0
8.99999999999999 2.837212200779694e+19 4.7652538958777475e+19 6.170036144506834e+19 1.4120560426285451e+20 1.1461622005663246e+20 1.3522161506528254e+20 8.209551735878997e+19 1.4689053061769513e+20 0.0 0.0 0.0 0.0
9.099999999999989 2.285527746443125e+19 3.906452078936269e+19 5.187034442451116e+19 1.2259855701311727e+20 9.791509856350813e+19 1.1707677196622152e+20 6.962276758244145e+19 1.3036421807554386e+20 0.0 0.0 0.0 0.0
9.199999999999989 1.8357693752950512e+19 3.1825176099647762e+19 4.323551966369595e+19 1.0430310588714056e+20 8.22588751828136e+19 9.940242922181866e+19 5.828888355038157e+19 1.1303272892089888e+20 0.0 0.0 0.0 0.0
9.299999999999988 1.4705866928737421e+19 2.585443833231549e+19 3.6015947286853194e+19 8.852060913208905e+19 6.894848854267875e+19 8.420732518889238e+19 4.873247968913878e+19 9.808305032943985e+19 0.0 0.0 0.0 0.0
9.399999999999988 1.175425362489698e+19 2.095697092282235e+19 2.9933828463293145e+19 7.482033252070054e+19 5.7602545628159795e+19 7.1059650231418855e+19 4.0630534379313316e+19 8.47754949870018e+19 0.0 0.0 0.0 0.0
9.499999999999988 9.375478306871388e+18 1.6956603492308976e+19 2.484703636952044e+19 6.304528682135962e+19 4.8025031522214216e+19 5.979744340600852e+19 3.3820398418889437e+19 7.3078638593818485e+19 0.0 0.0 0.0 0.0
9.599999999999987 7.465118564097149e+18 1.3701610932650867e+19 2.060112467121357e+19 5.295580824235319e+19 3.996525133041765e+19 5.017843171452114e+19 2.8109764129759023e+19 6.277134606130828e+19 0.0 0.0 0.0 0.0
9.699999999999987 5.937528250047832e+18 1.1058919254192458e+19 1.7030386313995522e+19 4.420190501263849e+19 3.3119191907788673e+19 4.1857734997453e+19 2.327789115608331e+19 5.336800587986733e+19 0.0 0.0 0.0 0.0
9.799999999999986 4.720860492782096e+18 8.913378035047117e+18 1.4041551922829527e+19 3.6697954856406434e+19 2.734444721400038e+19 3.4742950299544703e+19 1.921457206758355e+19 4.5097919040321634e+19 0.0 0.0 0.0 0.0
9.899999999999986 4.2097657564261376e+18 8.001548062446384e+18 1.2759978324718733e+19 3.346149347280927e+19 2.486269988489477e+19 3.167772607668685e+19 1.7470288871738628e+19 4.157474379141368e+19 0.0 0.0 0.0 0.0
9.999999999999986 4.2097657564261376e+18 8.001548062446384e+18 1.2759978324718733e+19 3.346149347280927e+19 2.486269988489477e+19 3.167772607668685e+19 1.7470288871738628e+19 4.157474379141368e+19 0.0 0.0 0.0 0.0
