log10_duration FAKE.FAKE.1500 FAKE.FAKE.2500 FAKE.FAKE.BBa FAKE.FAKE.BBb FAKE.FAKE.D4000a FAKE.FAKE.D4000b FAKE.FAKE.U FAKE.FAKE.V Hbeta_EW OIIIr_EW OIIIb_EW OIIIHbeta_EW
6.0 1.1728302364325113e+22 7.78702629239184e+21 6.631461938361169e+21 4.126234001167063e+21 7.346699959622778e+21 5.41982117444151e+21 7.159243631845601e+21 3.5428201556172095e+21 384.53282982420103 1441.8917763530148 468.54257492583935 2294.9671811030553
6.1 1.1881599442140153e+22 7.905228132723971e+21 6.742244305622121e+21 4.188537831905049e+21 7.472427771800894e+21 5.507898180662886e+21 7.279605295903446e+21 3.601397498200762e+21 385.9822454137986 1451.0458599098865 471.1972404628329 2308.225345786518
6.199999999999999 1.22532033849393e+22 8.188455986348193e+21 6.992974337337035e+21 4.33907860416889e+21 7.747895522465793e+21 5.709265600446486e+21 7.54790627619912e+21 3.734996123285401e+21 386.34458307677716 1455.5242426677366 472.5044800309166 2314.3733057754307
6.299999999999999 1.289917782175089e+22 8.691464622141526e+21 7.391494262155719e+21 4.7094924873562965e+21 8.200174569643694e+21 6.115804185505999e+21 7.975391866449551e+21 4.075705478030736e+21 363.17765200110097 1361.9335499465153 441.02232874481757 2166.133530692434
6.399999999999999 1.3575702639987095e+22 9.238396287715151e+21 7.797932172992311e+21 5.215517529857912e+21 8.682315305976054e+21 6.620588466704348e+21 8.414236420031012e+21 4.631333719836149e+21 322.48916598828464 1197.8276633612077 386.2936678021547 1906.610497151647
6.499999999999998 1.3698242609135237e+22 9.387764204341393e+21 7.872282501106916e+21 5.489577774102155e+21 8.800344277822179e+21 6.836532142779975e+21 8.498175859303011e+21 4.944492950042398e+21 290.90215136873474 1070.5579114090058 344.45475363034564 1705.9148164080862
6.599999999999998 1.3153653826336896e+22 9.086780011675497e+21 7.617246364508371e+21 5.706662959271058e+21 8.72055751095035e+21 6.934175770427956e+21 8.293815783214165e+21 5.068672184200356e+21 256.723430677536 933.8018808506326 299.7693606989895 1490.2946722271581
6.6999999999999975 1.2171796117538682e+22 8.470932480644942e+21 7.128075604574962e+21 5.88390011396251e+21 8.497486989313278e+21 6.955019897247002e+21 7.884958839911656e+21 5.159227996654397e+21 219.67949591510103 786.3306276941526 251.8604603937514 1257.8705840030052
6.799999999999997 1.0931575314341054e+22 7.630240410034795e+21 6.426217342434122e+21 5.712350776981384e+21 7.8936713192902e+21 6.616940924379798e+21 7.194947658910739e+21 5.031708636075013e+21 191.96843353718842 675.6666587188366 216.1275068107612 1083.7625990667864
6.899999999999997 9.606959343248364e+21 6.711774213848522e+21 5.637939276832325e+21 5.246139623489804e+21 7.033731860330143e+21 5.993594269394852e+21 6.351240200105249e+21 4.656110146721128e+21 172.86357767169974 600.3093893394739 191.79194234348492 964.9649093546586
6.9999999999999964 8.307874685406338e+21 5.810994605997634e+21 4.864301364447095e+21 4.682079694001991e+21 6.133982859950936e+21 5.290284399291425e+21 5.502203678427125e+21 4.15170542083083e+21 158.09116462956825 543.8117520515176 173.49109596185787 875.3940126429438
7.099999999999996 7.078057179461915e+21 4.967500971239477e+21 4.1509120552792684e+21 4.1259207072936425e+21 5.292097870127883e+21 4.613936061727059e+21 4.7145720055002096e+21 3.63603238213184e+21 144.83589642751508 494.9611510991841 157.6154993515532 797.4125468782524
7.199999999999996 5.950990962244582e+21 4.1977628191504083e+21 3.505471116419205e+21 3.587333934780044e+21 4.513916612094479e+21 3.973608368025335e+21 3.995496755599082e+21 3.128882464314073e+21 133.03086131005597 452.7454073705238 143.8375262496566 729.6137949302365
7.299999999999995 4.940644152955486e+21 3.50328694057287e+21 2.9242960789936543e+21 3.06695576145068e+21 3.7937317427095625e+21 3.36874968590073e+21 3.3407693902380893e+21 2.6457961328262083e+21 122.9898012382032 417.3400943872735 132.21937803187294 672.5492736573497
7.399999999999995 4.0594132343582407e+21 2.891609233872595e+21 2.413025063331448e+21 2.58801507690842e+21 3.148061123568087e+21 2.8206928976325887e+21 2.760023772193213e+21 2.2130789267383454e+21 114.29124848154773 386.7254487660271 122.06692920234576 623.0836264499206
7.499999999999995 3.3072990301152157e+21 2.3681371554549953e+21 1.9790290990183303e+21 2.1838157540397597e+21 2.604825862800756e+21 2.3602266262155554e+21 2.2689653023381984e+21 1.8560298304219523e+21 105.34673125055492 354.96938728738957 111.571139206897 571.8872577448415
7.599999999999994 2.6703882181839e+21 1.9262725728997847e+21 1.617295704734162e+21 1.8527884061021656e+21 2.1603968482010627e+21 1.9840323409553934e+21 1.8634516428384628e+21 1.5674118859250152e+21 95.724855941068 320.5034732875665 100.354855462766 516.5831846914006
7.699999999999994 2.132083714267036e+21 1.5515419991807395e+21 1.3118130832808361e+21 1.568443576962221e+21 1.7846478040699196e+21 1.6637045981650257e+21 1.5215135580824684e+21 1.3227773031459877e+21 86.16608076503348 286.0110439712462 89.2765539710739 461.45367870735356
7.799999999999994 1.6808920473562007e+21 1.235831802690679e+21 1.0549652910663612e+21 1.3258467171930022e+21 1.4680943177896805e+21 1.3924653638553308e+21 1.2343103250865036e+21 1.1174011535401482e+21 76.53263081272233 251.0363129416915 78.18146461461669 405.75040836903054
7.899999999999993 1.3066779824854453e+21 9.72593259126427e+20 8.407152810595925e+20 1.1183402162462472e+21 1.2005839923544586e+21 1.1622234654928428e+21 9.937812403582249e+20 9.481853504800816e+20 66.7293055996659 215.40281633132793 66.97907835468816 349.111200285682
7.999999999999993 9.968473667547126e+20 7.536738222561178e+20 6.632769166811378e+20 9.434988618445512e+20 9.75948656793101e+20 9.693248172520347e+20 7.93744667963238e+20 8.146715588101678e+20 56.47480541759428 178.41724147693657 55.454122539497035 290.3461694340279
8.099999999999993 7.410783245416291e+20 5.717522930571592e+20 5.1624291684508474e+20 7.9172749418251e+20 7.852086391296682e+20 8.037374183489085e+20 6.265838694595165e+20 7.000880543041634e+20 46.254766136234785 142.62483339023368 44.371486069500826 233.2510855959693
8.199999999999992 5.331350869937653e+20 4.221248520970172e+20 3.9470645048119735e+20 6.537986878025183e+20 6.198624043448515e+20 6.560127054925461e+20 4.857740265538597e+20 5.995868250761176e+20 36.38948161582237 109.53388970502223 34.14062185628778 180.06399317713237
8.299999999999992 3.677256221200216e+20 3.014111697026807e+20 2.960478058307741e+20 5.320337009980027e+20 4.806471953235537e+20 5.278112617153879e+20 3.6980852548523465e+20 5.147196284165571e+20 26.941359413413245 79.21461296272898 24.762111658840077 130.9180840349823
8.399999999999991 2.4029533769551836e+20 2.0646073513823558e+20 2.1616857830855655e+20 4.217332602513079e+20 3.6318252673570007e+20 4.139282822438082e+20 2.7427422606891968e+20 4.2829383299748535e+20 18.83294581709257 54.123788413768665 16.981744029435657 89.93847826029689
8.499999999999991 1.4643145534902927e+20 1.342945447214053e+20 1.5261424653442872e+20 3.247029112078417e+20 2.666077540565618e+20 3.154216645933812e+20 1.9724251095445366e+20 3.4322384168485283e+20 12.180342244847886 34.12772057748717 10.759245855061083 57.067308677396134
8.59999999999999 8.314480774013064e+19 8.358990898767063e+19 1.0532271742529721e+20 2.451657610846865e+20 1.9207777892387524e+20 2.358028930151798e+20 1.390183703816719e+20 2.6624210023545514e+20 6.988056047003995 19.003742564718056 6.024716074057359 32.01651468577941
8.69999999999999 4.507584818649238e+19 5.141913350053319e+19 7.345405497842504e+19 1.8660737614245757e+20 1.3973307248222308e+20 1.7784557324514777e+20 9.905954513666435e+19 2.0795573769474084e+20 3.280829352394401 8.614323464069779 2.7462269628052507 14.64137977926943
8.79999999999999 2.45866697523472e+19 3.2716053880161546e+19 5.2845892011489346e+19 1.4487621718251468e+20 1.0400497135984887e+20 1.3691392711569883e+20 7.254206454865667e+19 1.6503801714202067e+20 1.191671084499823 2.971711332703869 0.9517314977856818 5.115113914989374
8.89999999999999 1.4322101886947174e+19 2.2358428375757595e+19 4.0530952923224826e+19 1.1837351054744823e+20 8.121784426061144e+19 1.1105140865987323e+20 5.620595660311811e+19 1.3983402925015735e+20 0.30958777926419057 0.6978922846217468 0.22405943891744945 1.2315395028033869
8.99999999999999 8.730849566319719e+18 1.6229180155945734e+19 3.3074793653069664e+19 1.0289309169464e+20 6.6953145759946236e+19 9.600188405446376e+19 4.6248169626399425e+19 1.3262788802678281e+20 0.06620829526727455 0.1029854922290752 0.033059276006866485 0.20225306350321626
9.099999999999989 4.85918791104319e+18 1.1581633050908967e+19 2.9114032847500927e+19 9.581844985493003e+19 5.795633322849641e+19 8.94074574125565e+19 4.0649551783973315e+19 1.5012766021708143e+20 0.026674225785820856 0.013563999370670762 0.0043378097161830215 0.04457603487267464
9.199999999999989 2.321400214563556e+18 7.748950721403942e+18 2.018183192384562e+19 6.659419323874954e+19 4.002253337406833e+19 6.2018175052448915e+19 2.8139329644438426e+19 1.0123870623916435e+20 0.02020012884050965 0.005203649869448984 0.0016671748860922042 0.027070953596050835
9.299999999999988 8.658898383313056e+17 4.96226070855699e+18 1.4048653787795919e+19 4.448987081039471e+19 2.7095270937479954e+19 4.161637608750163e+19 1.930817389087979e+19 6.638885733243619e+19 0.020563065006211866 0.004036451494862338 0.0012943089029018387 0.025893825403976042
9.399999999999988 2.574253132538725e+17 3.147378766502003e+18 1.0459786296199385e+19 3.1515479588228153e+19 1.9302676243652436e+19 2.974152732898777e+19 1.407981301045971e+19 5.0602991189807055e+19 0.019318704592100843 0.003167263413582106 0.0010137457645927653 0.023499713770275717
9.499999999999988 1.001871261342617e+17 2.104982624636742e+18 8.093704048578872e+18 2.3428278217748e+19 1.434215939636385e+19 2.226046526994341e+19 1.0693313593184236e+19 4.015737793581574e+19 0.014320795272542621 0.001557826509331503 0.0004972846102380445 0.016375906392112168
9.599999999999987 4.325620939249815e+16 1.5076720998516375e+18 6.431418627350977e+18 1.795601663034242e+19 1.1055888360947945e+19 1.713694116422085e+19 8.374058850581272e+18 3.186404040570241e+19 0.01601433467374052 0.001532019842823436 0.0004884045300041791 0.018034759046568136
9.699999999999987 1.472727643598818e+16 1.0517588933257549e+18 4.40772574273418e+18 1.1428779705847058e+19 7.391636596730723e+18 1.094140559525033e+19 5.646353500203103e+18 1.9061640535052866e+19 0.013189479004423724 0.0006347661367349146 0.00020285172926851484 0.014027096870427153
9.799999999999986 1.1873081647953108e+16 6.981886008727343e+17 3.882836995317987e+18 1.0322623858391683e+19 6.266997229793546e+18 9.914410827117249e+18 4.914248381405819e+18 1.987533010014722e+19 0.012435917321756815 0.0005010432145399269 0.0001591836448043048 0.013096144181101046
9.899999999999986 1.1870216357661744e+16 6.978201317351932e+17 3.882296017812757e+18 1.0321493887859886e+19 6.265835105044872e+18 9.913362330026564e+18 4.913493408095134e+18 1.9876239989090345e+19 0.012435167253720283 0.0005009101377694079 0.00015914049216022384 0.013095217883649915
9.999999999999986 1.1870216357661744e+16 6.978201317351932e+17 3.882296017812757e+18 1.0321493887859886e+19 6.265835105044872e+18 9.913362330026564e+18 4.913493408095134e+18 1.9876239989090345e+19 0.012435167253720283 0.0005009101377694079 0.00015914049216022384 0.013095217883649915
