log10_duration FAKE.FAKE.1500 FAKE.FAKE.2500 FAKE.FAKE.BBa FAKE.FAKE.BBb FAKE.FAKE.D4000a FAKE.FAKE.D4000b FAKE.FAKE.U FAKE.FAKE.V Hbeta_EW OIIIr_EW OIIIb_EW OIIIHbeta_EW
6.0 1.0025965048960863e+22 8.971173659399984e+21 9.286413229549616e+21 5.410700969735694e+21 9.173567776257844e+21 7.794443270925891e+21 9.392041104637217e+21 5.425377044709525e+21 535.8762123205402 266.68827349321657 87.39236886284374 889.9568546766004
6.1 1.0129723111828196e+22 9.080835975641458e+21 9.408481491482312e+21 5.477939657463227e+21 9.29367238431587e+21 7.895804349221197e+21 9.515101648389761e+21 5.497209643450455e+21 536.8261059133125 267.6244566518618 87.69412505868438 892.1446876238588
6.199999999999999 1.0360240512937981e+22 9.33044136752347e+21 9.68974636030691e+21 5.631849203799502e+21 9.5705412584937e+21 8.129584491121532e+21 9.798630096464782e+21 5.663168500876042e+21 539.3148906855391 269.92519151670007 88.4036889314599 897.6437711336991
6.299999999999999 1.0713054309992091e+22 9.709991748880778e+21 1.0104703415182273e+22 5.922359882239656e+21 1.0019809151682313e+22 8.522916789845234e+21 1.023237465379877e+22 5.950546954959819e+21 534.4802149445853 268.35561040195694 87.85528073647676 890.691106083019
6.399999999999999 1.1111558291364038e+22 1.0191229946469156e+22 1.063559518149585e+22 6.733939444203411e+21 1.0907597609611316e+22 9.385651642719086e+21 1.090393770728589e+22 6.63194288102069e+21 485.5530264381803 243.3841787583727 79.34566178035625 808.2828669769093
6.499999999999998 1.1103413517008744e+22 1.0305313801263311e+22 1.0796951293933008e+22 7.698499444756945e+21 1.1714005545990431e+22 1.025637653507012e+22 1.131082769123699e+22 7.388249555330299e+21 416.4757093605191 207.1245434947219 67.17719258177924 690.7774454370202
6.599999999999998 1.0578898037085535e+22 9.866839531318021e+21 1.0355242115994321e+22 8.136144520492143e+21 1.1791241195906065e+22 1.0479536669152577e+22 1.1061078372328237e+22 7.691791345233491e+21 365.39549585853547 179.3965397195887 58.04519358131759 602.8372291594418
6.6999999999999975 9.785126766553627e+21 9.115438081283568e+21 9.541321961890434e+21 7.914027061306525e+21 1.1142101169961383e+22 9.997447510412606e+21 1.0298660775187079e+22 7.449349619309996e+21 335.8153662966902 162.84148135483304 52.616661628292015 551.2735092798152
6.799999999999997 8.838133655413576e+21 8.19474059747526e+21 8.522782209529614e+21 7.23095967884346e+21 1.0029268337633108e+22 9.038937304091424e+21 9.228391765494447e+21 6.793609048497225e+21 319.0837096809328 153.2894498180987 49.443015882702944 521.8161753817344
6.899999999999997 7.819436242874499e+21 7.202260764541192e+21 7.421041888036852e+21 6.368619014867322e+21 8.74541378102427e+21 7.898234330798751e+21 8.039696557858047e+21 5.946170594297335e+21 306.88182069691135 146.26009644288715 47.071634105271606 500.2135512450701
6.9999999999999964 6.786093303740579e+21 6.204480971234286e+21 6.324321193388798e+21 5.470876838680801e+21 7.448399552635464e+21 6.735606005620365e+21 6.849392203094535e+21 5.062752101507962e+21 296.0315434729465 140.13014096421057 44.99429717694979 481.15598161410685
7.099999999999996 5.785680243334722e+21 5.25483451405023e+21 5.297586356203603e+21 4.626225329333115e+21 6.239865600621237e+21 5.651175874922615e+21 5.737412903806708e+21 4.23713634750171e+21 284.7375805555327 134.05837203336614 42.936216488304645 461.7321690772035
7.199999999999996 4.85636855225886e+21 4.3838525409272246e+21 4.370672985745833e+21 3.8605658805187526e+21 5.153968301110731e+21 4.676483382214133e+21 4.735768788558072e+21 3.496699361653746e+21 272.9410141590996 128.0171643973894 40.894285169317534 441.8524637258065
7.299999999999995 4.025753175600611e+21 3.6146153781678944e+21 3.566657205889535e+21 3.193441609231583e+21 4.215249075771514e+21 3.8341038769425733e+21 3.8681052297885495e+21 2.860300947744849e+21 260.6709494496034 121.95510562548873 38.85118587570456 421.4772409507967
7.399999999999995 3.302671822632255e+21 2.9530801578227553e+21 2.8878029873791e+21 2.6276327136521025e+21 3.424848682656245e+21 3.1251811422132235e+21 3.1361528418215154e+21 2.327584666181715e+21 248.00609267165981 115.82133362888139 36.78603913794809 400.6134654384893
7.499999999999995 2.684298046815724e+21 2.3925533619894144e+21 2.3215361626640965e+21 2.1529621511149037e+21 2.765936374992211e+21 2.5349262291127983e+21 2.5252138993620054e+21 1.8863357743727787e+21 235.0665711568705 109.59592087615535 34.67955714921561 379.34204918224145
7.599999999999994 2.164504742357225e+21 1.9253977079904702e+21 1.8558439650979078e+21 1.7615773152547614e+21 2.224479538419874e+21 2.0509133695289427e+21 2.0222962816002087e+21 1.526630829745062e+21 221.31035461618782 102.97861905226955 32.426118183316376 356.71509185177376
7.699999999999994 1.7286663479503456e+21 1.537341088399142e+21 1.473983946050343e+21 1.4394442363837963e+21 1.7816729962154007e+21 1.6551207862777608e+21 1.6103100257602513e+21 1.2340093221868588e+21 206.41787644443536 95.75262064378681 29.986903201200555 332.15740028942275
7.799999999999994 1.3622468785620087e+21 1.2137498792401987e+21 1.1597914915416462e+21 1.1729150778451754e+21 1.4189417583018907e+21 1.3303968056388648e+21 1.2722508497102556e+21 9.952239242873927e+20 190.36573048767335 87.81664760922058 27.364114504935745 305.54649260182964
7.899999999999993 1.0577030427599486e+21 9.475746656721756e+20 9.051575491539707e+20 9.595404184866577e+20 1.1286510656684529e+21 1.0711889014296974e+21 9.99879909649447e+20 8.097258211989929e+20 171.39480648593127 78.32273360887329 24.301946113432468 274.019486208237
7.999999999999993 8.069224481739701e+20 7.299722812903154e+20 6.99509462098821e+20 7.869160411736112e+20 8.955750706323705e+20 8.62872506670376e+20 7.805932970420594e+20 6.604082012846374e+20 150.25684305786498 67.75452157628182 20.953252922954576 238.96461755710138
8.099999999999993 5.997521439467682e+20 5.499217178997916e+20 5.30874265372454e+20 6.414061068392505e+20 7.029560521019794e+20 6.899685547140058e+20 6.004604559356014e+20 5.3815677733306394e+20 127.9967262569442 56.6409751077252 17.49074152723742 202.12844289190681
8.199999999999992 4.314505002506858e+20 4.0342897843917416e+20 3.951970761198238e+20 5.2332217265187514e+20 5.479383416310351e+20 5.511841238187233e+20 4.557529063321546e+20 4.491403519815602e+20 103.15348031883211 44.45227288440609 13.746040972578097 161.35179417581628
8.299999999999992 2.980030874792151e+20 2.8621309845364264e+20 2.8654432616587795e+20 4.2108114674683236e+20 4.1965098547491543e+20 4.3415738405777074e+20 3.3847320431846687e+20 3.7069106463921943e+20 79.20541996149534 33.09416544882899 10.267480108334581 122.56706551865891
8.399999999999991 1.970488852290158e+20 1.973728423233988e+20 2.0506742354908846e+20 3.4455139391052205e+20 3.2476980419496673e+20 3.473781591408288e+20 2.511352414489526e+20 3.105309131088854e+20 55.201821559632776 22.20415047433198 6.931727618105421 84.33769965207017
8.499999999999991 1.2397057521062101e+20 1.3213185343881342e+20 1.4525918375518321e+20 2.8479988071143136e+20 2.53047223747178e+20 2.810745058577796e+20 1.8636344838144433e+20 2.623461372414915e+20 34.12534114752975 13.141748952671055 4.136660093381802 51.40375019358261
8.59999999999999 7.353489923135558e+19 8.597946822421108e+19 1.0295520711002268e+20 2.4079582643327966e+20 2.0090995027409404e+20 2.3313857600305676e+20 1.4015433996292175e+20 2.2950113424491158e+20 17.67705668913956 6.47879827553687 2.0598558191149072 26.215710783791337
8.69999999999999 4.145469246396732e+19 5.446081190569213e+19 7.164825552935314e+19 1.9218964987933465e+20 1.5199363557762725e+20 1.834636721688948e+20 1.0212752999114174e+20 1.87712800914682e+20 7.96441952184877 2.792261775260274 0.8949047342177985 11.651586031326843
8.79999999999999 2.3287984782431953e+19 3.5382020400075702e+19 5.1990166748993446e+19 1.5328076484676567e+20 1.1532838991341401e+20 1.4478917217031884e+20 7.608517545710812e+19 1.5554842020119242e+20 2.72698513227342 0.9218826258470357 0.29745952445601814 3.9463272825764744
8.89999999999999 1.4415949414643753e+19 2.542538741870253e+19 4.116821286152182e+19 1.2923367328626686e+20 9.369707367421388e+19 1.2125828404732323e+20 6.121088475716349e+19 1.3611236266239318e+20 0.6485942951396874 0.20770203928062125 0.06730852963009372 0.9236048640504023
8.99999999999999 9.58969644895041e+18 1.9623336612732707e+19 3.477458036534671e+19 1.1591809092862666e+20 8.131637207307611e+19 1.0828129835520054e+20 5.2612878120553955e+19 1.308800693493844e+20 0.12152799555454674 0.029160067774571082 0.00946803540979363 0.16015609873891146
9.099999999999989 6.140156653235841e+18 1.2838443165221057e+19 2.3469871326010487e+19 7.504468908262516e+19 5.17488736115043e+19 6.990415350979001e+19 3.43088635980146e+19 8.623217350008006e+19 0.04710428381352224 0.004033642080086028 0.0013102729262247526 0.05244819881983302
9.199999999999989 3.6510842984109645e+18 8.469489221388965e+18 1.7884393333472709e+19 5.464028539687564e+19 3.685605865899437e+19 5.0906060538955506e+19 2.522194943413151e+19 6.830819778156829e+19 0.030213553901205916 0.000621053924357832 0.00020191468046800546 0.031036522506031755
9.299999999999988 2.1072289413627955e+18 5.9720652229451e+18 1.3954920781836e+19 4.272047673801268e+19 2.834388710139447e+19 3.976765379350126e+19 1.9556311492397437e+19 5.568907694794756e+19 0.024458380815567473 0.00028483737608408214 9.269073474974539e-05 0.0248359089264013
9.399999999999988 1.1568673753401551e+18 4.282499344268846e+18 1.1021764711813714e+19 3.3698861695883616e+19 2.2135844103292473e+19 3.1401044537427956e+19 1.5380299517586827e+19 4.649956494929067e+19 0.02422034498366602 0.00024648448665750633 8.024061620281187e-05 0.02454707008652634
9.499999999999988 5.340400438456343e+17 3.1444060400165924e+18 8.877468612595784e+18 2.685502010123029e+19 1.7739219802823883e+19 2.5108562426281906e+19 1.2375782686579857e+19 3.80950965163773e+19 0.021776907385336285 0.0001564827353127878 5.098552276414831e-05 0.021984375643413222
9.599999999999987 2.2827668809580666e+17 2.3609906229976023e+18 7.100292281369576e+18 2.107028656207426e+19 1.3991488146146234e+19 1.978418292454508e+19 9.836414338547294e+18 3.1204338726481637e+19 0.025365356238987766 0.00017263518332130288 5.623363254463225e-05 0.0255942250548537
9.699999999999987 9.331089628414008e+16 1.7669745747974323e+18 5.20967048133003e+18 1.4557758031007971e+19 9.987293295606356e+18 1.3737832448043485e+19 7.10219423512317e+18 2.045760347938252e+19 0.014962184264678742 3.1320919716795464e-05 1.0244405864478628e-05 0.015003749590260016
9.799999999999986 8.854613199931347e+16 1.264435440516043e+18 4.240337916571919e+18 1.1734929459898583e+19 8.024955716804983e+18 1.1159062518632903e+19 5.759243721092025e+18 1.8956511569591312e+19 0.0249795958527254 8.962380233811891e-05 2.921051622360757e-05 0.02509843017128713
9.899999999999986 8.854173069708318e+16 1.263911485131694e+18 4.2393306179086e+18 1.173200057385219e+19 8.022917308184641e+18 1.115638729546513e+19 5.757848684404784e+18 1.895498670728482e+19 0.02499101314403002 8.96938422726234e-05 2.9233218564732843e-05 0.025109940204867377
9.999999999999986 8.854173069708318e+16 1.263911485131694e+18 4.2393306179086e+18 1.173200057385219e+19 8.022917308184641e+18 1.115638729546513e+19 5.757848684404784e+18 1.895498670728482e+19 0.02499101314403002 8.96938422726234e-05 2.9233218564732843e-05 0.025109940204867377
