log10_duration FAKE.FAKE.1500 FAKE.FAKE.2500 FAKE.FAKE.BBa FAKE.FAKE.BBb FAKE.FAKE.D4000a FAKE.FAKE.D4000b FAKE.FAKE.U FAKE.FAKE.V Hbeta_EW OIIIr_EW OIIIb_EW OIIIHbeta_EW
6.0 8.934417769823256e+21 6.820655994833479e+21 5.656029333576275e+21 3.9220310739227923e+21 5.965169098229973e+21 4.634701809570944e+21 6.279341823784107e+21 3.0323700737122144e+21 227.45118763954977 1456.6696414008009 464.9743507897036 2149.0951798300543
6.1 9.151626824906877e+21 7.028936209222243e+21 5.797786292797588e+21 4.0546870053848996e+21 6.08323667639643e+21 4.764523989942265e+21 6.413912321269618e+21 3.12106570640972e+21 218.43142010439752 1371.7775386973478 438.2178392894736 2028.426798091219
6.199999999999999 9.635939062367956e+21 7.510909837882746e+21 6.124811783858281e+21 4.3706220004519224e+21 6.363563133462825e+21 5.071141187745055e+21 6.725723535212249e+21 3.3316632487283046e+21 198.26821392094914 1193.2250207633651 381.9230868226872 1773.4163215070016
6.299999999999999 1.0208928810722551e+22 8.137565895698472e+21 6.547578210961338e+21 4.807855573271953e+21 6.745847197600126e+21 5.488204343302001e+21 7.131954106923937e+21 3.6212642842690354e+21 172.61953023661914 990.5193941611601 316.9184226638896 1480.0573470616687
6.399999999999999 1.0589585483667935e+22 8.660689565789946e+21 6.908041639456926e+21 5.248507279471057e+21 7.112557872887189e+21 5.895933038990423e+21 7.473678751046353e+21 3.918523952480278e+21 147.9673572717016 827.1469257282549 263.18910290637496 1238.3033859063314
6.499999999999998 1.047335142981529e+22 8.753140995196e+21 6.9774539017736e+21 5.505201745673386e+21 7.255403029142924e+21 6.104498758057927e+21 7.530339542319712e+21 4.107077145796421e+21 128.66016857650317 721.0566290486813 227.76628934670134 1077.4830869718858
6.599999999999998 9.873479910776585e+21 8.356724615616779e+21 6.663680631253848e+21 5.416730507323393e+21 6.995508488334107e+21 5.952479228355028e+21 7.190660043621501e+21 4.052051758290457e+21 115.54869941869556 648.420880403392 203.94956136831786 967.9191411904054
6.6999999999999975 8.989508592918352e+21 7.651511455820596e+21 6.083717936696004e+21 5.049245542972001e+21 6.418407020186102e+21 5.512292467956999e+21 6.562552659415608e+21 3.7984664716693125e+21 105.89755341955045 587.1431398826575 184.52829785875912 877.5689911609671
6.799999999999997 7.972158183958435e+21 6.810184369874815e+21 5.394839309307209e+21 4.5667113640313036e+21 5.720796125621659e+21 4.955835623773545e+21 5.819991609450659e+21 3.4718164925539486e+21 97.16660640031094 531.4687391951836 167.01115798255685 795.6465035780514
6.899999999999997 6.916396021558217e+21 5.932163318246172e+21 4.684034661933226e+21 4.040508303527208e+21 4.996409187480554e+21 4.360770995037573e+21 5.055837339629127e+21 3.123305919636486e+21 89.3008778404098 485.39749673796484 152.31068351411727 727.009058092492
6.9999999999999964 5.889221279709405e+21 5.077550575151163e+21 4.0016933175153824e+21 3.516750916044516e+21 4.2959932888909003e+21 3.7759812752564117e+21 4.323064049507393e+21 2.775046652475153e+21 82.33105841535918 447.2449414706708 139.88039710145247 669.4563969874824
7.099999999999996 4.934670160361979e+21 4.2802426018696386e+21 3.3741699559205844e+21 3.021899175743134e+21 3.6452815362449893e+21 3.22853406663786e+21 3.6476585100049263e+21 2.4309428130268945e+21 76.31007596225227 415.22639240093287 129.19146582816586 620.7279341913511
7.199999999999996 4.0841788983338986e+21 3.5683501158900753e+21 2.821328886698386e+21 2.5851978985758817e+21 3.0731392013305224e+21 2.7472019885957615e+21 3.053248290189973e+21 2.1104383942913092e+21 70.63780303105 384.59836244601297 118.92391034636066 574.1600758234237
7.299999999999995 3.3457527922313145e+21 2.948286731742496e+21 2.3469267817597273e+21 2.221102003441305e+21 2.5934828164107097e+21 2.3458731894307572e+21 2.54829908689504e+21 1.8316791700402259e+21 64.7551295822382 351.5487265883437 108.11558977585402 524.4194459464359
7.399999999999995 2.7171972500944097e+21 2.4163283028179136e+21 1.94186366604172e+21 1.911736494908838e+21 2.187739776536041e+21 2.0059990273633886e+21 2.119821443322477e+21 1.5886061235818932e+21 58.91314803336582 317.7417301788136 97.30254537273565 473.9574235849151
7.499999999999995 2.1894863108797602e+21 1.9656146094344532e+21 1.5978380827916653e+21 1.6438769061034328e+21 1.8406968247543362e+21 1.713350808751402e+21 1.7559199855381753e+21 1.3731790659081037e+21 53.312535746350626 284.8757945151228 86.9597292202943 425.14805948176775
7.599999999999994 1.7484853611288123e+21 1.5860090876783446e+21 1.307781593109974e+21 1.4145542252917558e+21 1.545943293286808e+21 1.4639325420406175e+21 1.4490489845331017e+21 1.189291963739193e+21 47.784291370793625 252.04256805805042 76.7901995957879 376.617059024632
7.699999999999994 1.381152475543344e+21 1.2673177055456613e+21 1.0634922476401907e+21 1.2152656170564654e+21 1.2929494600608708e+21 1.2484472165716404e+21 1.1894142424830215e+21 1.0300546293246494e+21 42.418072735550744 220.0007622124976 66.98124139422481 329.40007634227317
7.799999999999994 1.0755622790027236e+21 9.998297567307415e+20 8.571714759521204e+20 1.038309950810406e+21 1.0729081528032245e+21 1.058675587382285e+21 9.682444833220506e+20 8.911510314822739e+20 37.20528543222668 189.17027663514511 57.61553335705474 283.99109542442653
7.899999999999993 8.231494629126248e+20 7.768243627472553e+20 6.835663911962182e+20 8.797639966544274e+20 8.813282221158844e+20 8.902924482114967e+20 7.801226615050123e+20 7.676814837249667e+20 32.13407134222839 159.9718553756418 48.784305549553736 240.89023226742395
7.999999999999993 6.171146372524584e+20 5.931905340117385e+20 5.3872389108938264e+20 7.385508199383196e+20 7.162969594327837e+20 7.418433014603953e+20 6.215694930226691e+20 6.57555687644104e+20 27.233734892784362 132.57123986017413 40.502715701109494 200.307690454068
8.099999999999993 4.4957637263490154e+20 4.419961814462606e+20 4.168920751028922e+20 6.124283319254404e+20 5.735366007264969e+20 6.105733274685315e+20 4.871719606842537e+20 5.6152198117586325e+20 22.534747099981765 106.89015202618889 32.73601590177657 162.16091502794723
8.199999999999992 3.154133755312983e+20 3.192403064903196e+20 3.152795953173145e+20 5.015054271150839e+20 4.5273790615053704e+20 4.960912070350226e+20 3.747534393369341e+20 4.720850114582567e+20 18.128102743119122 83.38487389401993 25.6329314270734 127.14590806421245
8.299999999999992 2.106243272822924e+20 2.215072500658024e+20 2.3188747866445736e+20 4.061908620094716e+20 3.517358800716374e+20 3.983934959807244e+20 2.8210011485305687e+20 3.9210576183509995e+20 13.900180989030225 61.573474023660935 19.039614404521167 94.51326941721231
8.399999999999991 1.3152164275051653e+20 1.455590134243215e+20 1.643791862882838e+20 3.23868636102196e+20 2.6655389559981775e+20 3.146904803453646e+20 2.0613694189670793e+20 3.2403101349354694e+20 9.934181131358335 42.10458787924988 13.11370984029924 65.15247885090744
8.499999999999991 7.559181620059749e+19 9.025251611726543e+19 1.1260530458037284e+20 2.5482636862235505e+20 1.983297009842624e+20 2.4500567109634503e+20 1.4694528764086467e+20 2.6034935197905584e+20 6.5322553280499625 26.28743382461302 8.257473995996822 41.07716314865981
8.59999999999999 3.878347393692519e+19 5.22042030269049e+19 7.473561117853891e+19 1.9751449702554894e+20 1.4354437220945432e+20 1.8776583516000295e+20 1.0201763418220043e+20 2.11534486090979e+20 3.7257637693773167 14.186537227928232 4.4856733163992315 22.39797431370478
8.69999999999999 1.7107665556172446e+19 2.8308170948491145e+19 4.898353968052865e+19 1.5071447977403708e+20 1.0118893312417178e+20 1.4166067746571737e+20 6.9673225087002804e+19 1.7347925641048942e+20 1.7477590278323105 6.296427191600336 2.0002601460224665 10.044446365455114
8.79999999999999 6.4810647498677e+18 1.5057902097558073e+19 3.2974356162805592e+19 1.1300730928266682e+20 7.0468284697669616e+19 1.0545721862675435e+20 4.796987827220937e+19 1.4683111533377487e+20 0.6296513719738702 2.1566177407472322 0.6839650554895413 3.470234168210644
8.89999999999999 2.1439559086318664e+18 8.322038430763078e+18 2.335934179901653e+19 8.365476434007205e+19 4.977317444697283e+19 7.803118985229246e+19 3.406537501791281e+19 1.2696399545078864e+20 0.18066150708072615 0.5621811949149214 0.17663098520170303 0.9194736871973506
8.99999999999999 6.186212764559365e+17 4.791463686092654e+18 1.7468307397240078e+19 6.120620032693282e+19 3.588557157716766e+19 5.7304834138838024e+19 2.5058356205305352e+19 9.839869888620365e+19 0.059178751001500864 0.13043370839841817 0.04105273032716426 0.23066518972708328
9.099999999999989 2.1590040787072525e+17 2.881218856021293e+18 1.3541736852426056e+19 4.463124216651468e+19 2.622869315371648e+19 4.195028479020853e+19 1.8864274112955503e+19 6.8526125332120986e+19 0.02218271184828847 0.026779191561245242 0.008540665550097162 0.05750256895963088
9.199999999999989 1.2102135358315906e+17 1.744489775145457e+18 1.0286563991644586e+19 3.3008273528620986e+19 1.89075103910169e+19 3.1238929644609487e+19 1.4005177396973812e+19 5.7669155265920524e+19 0.02238540934486017 0.023993296882428565 0.0075753645058185045 0.05395407073310724
9.299999999999988 7.155625867517638e+16 1.0641505439256709e+18 7.590942625507409e+18 2.400669058971709e+19 1.3370672931096343e+19 2.2834490735694504e+19 1.0143540479480787e+19 4.6679831906646475e+19 0.030695996699229913 0.03840149964678576 0.012012530449718485 0.08111002679573416
9.399999999999988 2.9230910258604564e+16 6.166571214045037e+17 5.464533182402423e+18 1.748197374311833e+19 9.252962356038832e+18 1.6689978650480718e+19 7.210130240149595e+18 3.672745705420167e+19 0.03168656358566984 0.036927697469608806 0.011477753055702516 0.08009201411098116
9.499999999999988 1.2523594645333626e+16 3.70398132775306e+17 3.897484125767498e+18 1.26574411390649e+19 6.394937321120887e+18 1.211600166324373e+19 5.09626454833e+18 2.821131060074199e+19 0.027983804218574874 0.027018486205231368 0.008365614986922155 0.0633679054107284
9.599999999999987 5920082461490433.0 2.2183121796128058e+17 2.776473356693385e+18 9.246273022059706e+18 4.449187250040314e+18 8.876231031473267e+18 3.6180294424294323e+18 2.1749113253530796e+19 0.03303359337510556 0.0293805409269791 0.00909124242932092 0.07150537673140558
9.699999999999987 3657430211391316.0 1.3658812851944424e+17 2.0399757260390996e+18 6.954297455752047e+18 3.1945860273356657e+18 6.6931904434775e+18 2.649656011500119e+18 1.7115810336074158e+19 0.037312790276256246 0.030033263091079593 0.0092423543286005 0.07658840769593633
9.799999999999986 2561894778498038.0 9.918820602965979e+16 1.617662866557156e+18 5.578837069218005e+18 2.511208457560795e+18 5.375675587386077e+18 2.0999246575388948e+18 1.3850573338857378e+19 0.024996634096603836 0.010114421801809442 0.0031097971359439116 0.03822085303435719
9.899999999999986 2560756650328005.5 9.914939221089982e+16 1.617223600042439e+18 5.577405923604108e+18 2.510497921915859e+18 5.374304678966252e+18 2.0993528999104074e+18 1.3847172359688022e+19 0.024980734788867313 0.010088650778385052 0.003101870060284898 0.03817125562753726
9.999999999999986 2560756650328005.5 9.914939221089982e+16 1.617223600042439e+18 5.577405923604108e+18 2.510497921915859e+18 5.374304678966252e+18 2.0993528999104074e+18 1.3847172359688022e+19 0.024980734788867313 0.010088650778385052 0.003101870060284898 0.03817125562753726
