log10_duration FAKE.FAKE.1500 FAKE.FAKE.2500 FAKE.FAKE.BBa FAKE.FAKE.BBb FAKE.FAKE.D4000a FAKE.FAKE.D4000b FAKE.FAKE.U FAKE.FAKE.V Hbeta_EW OIIIr_EW OIIIb_EW OIIIHbeta_EW
6.0 2.0437671902943338e+21 2.8056937744884763e+21 3.0103576240416427e+21 2.3189990735362133e+21 3.3623808121735526e+21 2.720389549914817e+21 3.4329388358821714e+21 2.0293888258416053e+21 227.4511876395498 1456.6696414008013 464.97435078970364 2149.095179830055
6.1 2.093458635801817e+21 2.891290349643358e+21 3.085791510476806e+21 2.397434988083114e+21 3.428883717410137e+21 2.7966704983141966e+21 3.5061195179015537e+21 2.0886263907522815e+21 218.43142010439752 1371.7775386973478 438.21783928947366 2028.426798091219
6.199999999999999 2.2040498868689518e+21 3.089391403895775e+21 3.259811128795918e+21 2.5842391158009925e+21 3.5867921072222524e+21 2.976842119773794e+21 3.6757271652267747e+21 2.229265700774046e+21 198.26821392094914 1193.2250207633651 381.9230868226872 1773.4163215070016
6.299999999999999 2.3345584484798953e+21 3.347031822610829e+21 3.484773330130731e+21 2.8427644635736373e+21 3.8021605866269175e+21 3.221939262506188e+21 3.896793920920674e+21 2.4226276278742454e+21 172.6195302366191 990.51939416116 316.9184226638897 1480.0573470616687
6.399999999999999 2.4210553121563046e+21 3.562324161063817e+21 3.6765709160508403e+21 3.1033136736638636e+21 4.008798359681819e+21 3.461598282663069e+21 4.082870645444923e+21 2.621103666710348e+21 147.96735727170153 827.1469257282552 263.18910290637496 1238.3033859063316
6.499999999999998 2.3940827635719324e+21 3.600741016812241e+21 3.7134698250840656e+21 3.2550969961122607e+21 4.089312604291861e+21 3.5843047848494115e+21 4.1138527265671977e+21 2.7470275061057805e+21 128.66016857650317 721.0566290486814 227.7662893467014 1077.483086971886
6.599999999999998 2.2564718951194032e+21 3.437919090376466e+21 3.546437694948634e+21 3.2027910271629766e+21 3.9428362347756724e+21 3.4952197043985874e+21 3.928472432532072e+21 2.7101585298229806e+21 115.54869941869558 648.4208804033918 203.94956136831786 967.9191411904053
6.6999999999999975 2.0538976872429535e+21 3.147805458102287e+21 3.23774939326887e+21 2.9855084965214327e+21 3.617563696710698e+21 3.236864887668973e+21 3.5853609958020093e+21 2.540559695947464e+21 105.89755341955042 587.1431398826575 184.52829785875906 877.5689911609669
6.799999999999997 1.8209732118296165e+21 2.801660851079153e+21 2.8711128863421497e+21 2.7001991412995053e+21 3.224374808659365e+21 2.9102047323054214e+21 3.1797370650615134e+21 2.3221592512194599e+21 97.16660640031094 531.4687391951835 167.01115798255688 795.6465035780514
6.899999999999997 1.5794782985337918e+21 2.440454845996176e+21 2.492817539883708e+21 2.389068637251729e+21 2.8161072085110416e+21 2.5608448810793713e+21 2.7623393623849823e+21 2.089214148614816e+21 89.30087784040978 485.3974967379649 152.31068351411724 727.0090580924918
6.9999999999999964 1.344732901878798e+21 2.0889147804919375e+21 2.1296755985188095e+21 2.0793841055181402e+21 2.421359423825601e+21 2.2174943898997862e+21 2.362088734895044e+21 1.8564543437055438e+21 82.33105841535921 447.2449414706708 139.8803971014525 669.4563969874825
7.099999999999996 1.1267090693352764e+21 1.7609785289461696e+21 1.795711227947406e+21 1.7867911302668736e+21 2.0546321320315763e+21 1.8960532340521288e+21 1.9931551260418656e+21 1.6264080175161598e+21 76.31007596225224 415.2263924009329 129.19146582816583 620.727934191351
7.199999999999996 9.325274906879647e+20 1.4682000593064868e+21 1.501494890039209e+21 1.5285812920218047e+21 1.7321892944509482e+21 1.6134272806440932e+21 1.6684887126892672e+21 1.4120573183835706e+21 70.63780303105 384.59836244601297 118.92391034636064 574.1600758234235
7.299999999999995 7.639891005446196e+20 1.2132083316870514e+21 1.2490252103586344e+21 1.3133010714846757e+21 1.4618690597708463e+21 1.3777778702225753e+21 1.3927825573440785e+21 1.2255652365528098e+21 64.75512958223821 351.54872658834375 108.11558977585399 524.419445946436
7.399999999999995 6.205528734842873e+20 9.94442803150798e+20 1.0334572142653828e+21 1.1303811584360791e+21 1.233200768392657e+21 1.178209531347858e+21 1.1588717350378447e+21 1.0629231024364483e+21 58.91314803336582 317.74173017881355 97.30254537273562 473.957423584915
7.499999999999995 5.0013441703367285e+20 8.090737931409115e+20 8.503718979983737e+20 9.720022961269788e+20 1.0376113416421434e+21 1.0063661989779822e+21 9.602054485079865e+20 9.187656051761401e+20 53.31253574635061 284.8757945151228 86.95972922029434 425.1480594817677
7.599999999999994 3.995009724985938e+20 6.52939241620073e+20 6.960077602595018e+20 8.36409548543384e+20 8.714892842486167e+20 8.599039827517979e+20 7.926664286486697e+20 7.95718415569798e+20 47.78429137079361 252.04256805805042 76.7901995957879 376.61705902463194
7.699999999999994 3.156713527761168e+20 5.218479546559935e+20 5.65999878157561e+20 7.185753480132669e+20 7.289004155983424e+20 7.333635498031962e+20 6.508881832015015e+20 6.89170983053307e+20 42.41807273555074 220.0007622124976 66.98124139422484 329.4000763422731
7.799999999999994 2.4591968116843453e+20 4.118053000572597e+20 4.561979536593306e+20 6.139461231453889e+20 6.048791724705595e+20 6.219177686526286e+20 5.300720757201402e+20 5.962406347271222e+20 37.205285432226674 189.17027663514511 57.61553335705474 283.99109542442653
7.899999999999993 1.8829094521459907e+20 3.20048334099151e+20 3.638065916609594e+20 5.202016407018109e+20 4.9689388486985404e+20 5.2302681263074286e+20 4.2726403202465595e+20 5.1364302484082544e+20 32.134071342228395 159.9718553756418 48.78430554955373 240.89023226742393
7.999999999999993 1.4123862643002383e+20 2.4447828930438155e+20 2.8672199347367474e+20 4.367047254105034e+20 4.0386910884212815e+20 4.358373660989208e+20 3.405793063832439e+20 4.399772484190492e+20 27.233734892784362 132.57123986017413 40.5027157011095 200.307690454068
8.099999999999993 1.0296302560913308e+20 1.8224127504958302e+20 2.2188289394356234e+20 3.6213024679768234e+20 3.23395511853302e+20 3.587330235089389e+20 2.6707527817484897e+20 3.7575328800945753e+20 22.534747099981768 106.89015202618889 32.73601590177657 162.16091502794723
8.199999999999992 7.229820084871278e+19 1.3169425667934981e+20 1.6780411159554644e+20 2.96542446857846e+20 2.553012365291858e+20 2.914857373691765e+20 2.0558025044082934e+20 3.159292792565257e+20 18.128102743119122 83.38487389401992 25.632931427073398 127.14590806421245
8.299999999999992 4.833253734780217e+19 9.143322363209014e+19 1.2342181481972965e+20 2.401835875076293e+20 1.98364227857332e+20 2.3409530086553158e+20 1.548852750496367e+20 2.6242271266776747e+20 13.900180989030225 61.57347402366095 19.039614404521167 94.51326941721234
8.399999999999991 3.0225638269868147e+19 6.012769781056849e+19 8.749244805952353e+19 1.9150715599398093e+20 1.5034107962749272e+20 1.849234683761007e+20 1.132999562236611e+20 2.1688579228373916e+20 9.934181131358336 42.104587879249884 13.113709840299238 65.15247885090746
8.499999999999991 1.7412222749304224e+19 3.731707443438439e+19 5.993701715717544e+19 1.5068237043651445e+20 1.1187637172803358e+20 1.439847199226774e+20 8.087546935967084e+19 1.7426893777176222e+20 6.532255328049963 26.28743382461302 8.257473995996822 41.07716314865981
8.59999999999999 8.968097582831219e+18 2.16118900274679e+19 3.978125884083787e+19 1.1679402826882656e+20 8.098306969948016e+19 1.1035512268597536e+20 5.623143277206123e+19 1.4161910402856432e+20 3.725763769377317 14.186537227928229 4.485673316399231 22.397974313704776
8.69999999999999 3.9827369810013476e+18 1.1738199098937594e+19 2.607453187816645e+19 8.912165176914367e+19 5.709234047398066e+19 8.326516866926489e+19 3.845466982873111e+19 1.1617570831403771e+20 1.7477590278323105 6.296427191600338 2.0002601460224665 10.044446365455116
8.79999999999999 1.524408611225444e+18 6.255938563246117e+18 1.755305235164198e+19 6.682612435931448e+19 3.975772648014546e+19 6.1989555167701975e+19 2.6496070596945994e+19 9.837826714385405e+19 0.6296513719738702 2.1566177407472322 0.6839650554895409 3.4702341682106432
8.89999999999999 5.100044903165865e+17 3.464581644745381e+18 1.243485526467269e+19 4.947036752783189e+19 2.807719402556829e+19 4.586899243705858e+19 1.8818602878357852e+19 8.511642314851731e+19 0.18066150708072617 0.5621811949149215 0.1766309852017031 0.9194736871973507
8.99999999999999 1.4833432298686998e+17 1.9992061708646697e+18 9.298808761002336e+18 3.619603443358286e+19 2.0238025563641065e+19 3.3685156861560975e+19 1.383740473886713e+19 6.5970719752232124e+19 0.05917875100150086 0.13043370839841817 0.04105273032716426 0.23066518972708328
9.099999999999989 5.153528825509197e+16 1.2050056508071416e+18 7.208451945493618e+18 2.6394242492733387e+19 1.4787905082663068e+19 2.465907724852186e+19 1.0409233603874114e+19 4.5924703461707375e+19 0.022182711848288468 0.026779191561245242 0.008540665550097158 0.05750256895963087
9.199999999999989 2.8726234404040068e+16 7.312149259845975e+17 5.475429627290315e+18 1.952121902242561e+19 1.0657703982553987e+19 1.8362144448327416e+19 7.72317345682723e+18 3.866380176504985e+19 0.02238540934486017 0.02399329688242857 0.007575364505818507 0.05395407073310725
9.299999999999988 1.7009033569078548e+16 4.470036618502089e+17 4.0404400648147005e+18 1.4197896069481376e+19 7.535430456977994e+18 1.3421664448093383e+19 5.590934958839224e+18 3.130657270685421e+19 0.030695996699229913 0.038401499646785756 0.012012530449718482 0.08111002679573415
9.399999999999988 6972256220678979.0 2.597211854902054e+17 2.9084287423328614e+18 1.0339284155083809e+19 5.213808382534095e+18 9.809844398015492e+18 3.9727058234195256e+18 2.463620592395629e+19 0.03168656358566984 0.036927697469608806 0.011477753055702518 0.08009201411098116
9.499999999999988 3014544729345470.0 1.5637409015845526e+17 2.0742706599822958e+18 7.486030142017118e+18 3.602870417886213e+18 7.12128946888403e+18 2.8072676302709535e+18 1.89263377185823e+19 0.027983804218574874 0.02701848620523136 0.008365614986922157 0.0633679054107284
9.599999999999987 1394533846653393.2 9.390000731383546e+16 1.477566288672628e+18 5.468629482781821e+18 2.5063035827197276e+18 5.216989598376936e+18 1.9927335547591357e+18 1.4592772309523704e+19 0.03303359337510556 0.0293805409269791 0.009091242429320924 0.07150537673140558
9.699999999999987 840910463945109.1 5.799761773949183e+16 1.0855575420571182e+18 4.113097934409272e+18 1.7993307934016614e+18 3.9338409702414894e+18 1.4591942787034266e+18 1.1485132355606243e+19 0.03731279027625624 0.030033263091079593 0.009242354328600499 0.07658840769593633
9.799999999999986 587548589108411.6 4.218865332661673e+16 8.608032493916072e+17 3.2995848605582193e+18 1.41434311255202e+18 3.1594573031142687e+18 1.1564267384076265e+18 9.294254909864772e+18 0.024996634096603836 0.010114421801809444 0.003109797135943913 0.0382208530343572
9.899999999999986 587285508367287.4 4.217224613995966e+16 8.605694725886708e+17 3.298738412347687e+18 1.4139428258851287e+18 3.158651536988087e+18 1.1561118406678927e+18 9.291972948298166e+18 0.024980734788867316 0.010088650778385048 0.003101870060284898 0.03817125562753726
9.999999999999986 587285508367287.4 4.217224613995966e+16 8.605694725886708e+17 3.298738412347687e+18 1.4139428258851287e+18 3.158651536988087e+18 1.1561118406678927e+18 9.291972948298166e+18 0.024980734788867316 0.010088650778385048 0.003101870060284898 0.03817125562753726
