log10_duration FAKE.FAKE.1500 FAKE.FAKE.2500 FAKE.FAKE.BBa FAKE.FAKE.BBb FAKE.FAKE.D4000a FAKE.FAKE.D4000b FAKE.FAKE.U FAKE.FAKE.V Hbeta_EW OIIIr_EW OIIIb_EW OIIIHbeta_EW
6.0 1.0050699354828358e+22 5.79442609074626e+21 3.8747883245067934e+21 3.0022124660045843e+21 3.9282083057919963e+21 3.2942300024737534e+21 3.9587783485194093e+21 2.1076572348824365e+21 114.88498237974795 438.4529457475271 141.08310968148214 694.4210378087572
6.1 1.017072030650554e+22 5.872751438117338e+21 3.930181658306596e+21 3.0418554721810923e+21 3.98445309723373e+21 3.339550641044138e+21 4.015407829571849e+21 2.137001738841904e+21 115.58545111962212 442.0600955891111 142.2287337114954 699.8742804202286
6.199999999999999 1.04821769402365e+22 6.080476500260237e+21 4.073738412722187e+21 3.14963656956638e+21 4.127979588598249e+21 3.458945888705947e+21 4.1610281612202465e+21 2.2146749099483616e+21 115.75961357480074 443.57728114517994 142.73965665266095 702.0765513726416
6.299999999999999 1.1100844588506034e+22 6.539600034214704e+21 4.4028426277838394e+21 3.495737188549633e+21 4.5017258855864336e+21 3.814102536908019e+21 4.5105326013797184e+21 2.521249908263421e+21 105.55071264135238 401.79770987772827 129.00221844078877 636.3506409598693
6.399999999999999 1.1790499270290334e+22 7.097626250755767e+21 4.817749935463294e+21 4.008526975924984e+21 5.001866432346134e+21 4.3267370912996734e+21 4.961444858269951e+21 3.083629839992051e+21 89.18846024149205 334.88038623348336 107.07874139905032 531.1475878740257
6.499999999999998 1.1993778547840256e+22 7.34186328803367e+21 5.019842099108324e+21 4.3367749515306923e+21 5.284375485112699e+21 4.6422606367748375e+21 5.194488399037232e+21 3.465422280707565e+21 77.53181949892476 287.8623438209868 91.77075420606411 457.1649175259756
6.599999999999998 1.161248892945735e+22 7.228487394574629e+21 5.020614301660891e+21 4.660806951061243e+21 5.528888819982767e+21 4.939047114688527e+21 5.286180747505201e+21 3.7253359824380887e+21 65.78929967615345 241.06578231898288 76.68420506409238 383.53928705922874
6.6999999999999975 1.0833122609735911e+22 6.849160245283362e+21 4.857035517299637e+21 4.972404703271792e+21 5.714262394597733e+21 5.212134842232683e+21 5.253316573807815e+21 3.9872591940262827e+21 54.060406561984585 194.37599029297584 61.79395639252265 310.23035324748304
6.799999999999997 9.802253701950747e+21 6.257303048917537e+21 4.500452116281354e+21 4.941722427624364e+21 5.539449843695027e+21 5.140305358474185e+21 4.961948292122633e+21 4.040191754676138e+21 45.88246256332783 161.84876395199888 51.451695336270426 259.18292185159714
6.899999999999997 8.674604026038653e+21 5.575908675696658e+21 4.0432536620794994e+21 4.6093044612701655e+21 5.087448328722963e+21 4.771264640609146e+21 4.500526297466809e+21 3.83655967286804e+21 40.51528136662817 140.87077936155632 44.75312804068013 226.13918876886464
6.9999999999999964 7.549818391889851e+21 4.886492294116357e+21 3.566021729451858e+21 4.1642347047026887e+21 4.550928513003495e+21 4.29508878056688e+21 3.993863629669831e+21 3.4853898735905234e+21 36.50892745190015 125.67735073725675 39.88596736132357 202.07224555048046
7.099999999999996 6.468958931124445e+21 4.2246294249047605e+21 3.108107081403938e+21 3.710117086214982e+21 4.021041036629376e+21 3.814274698225444e+21 3.501674042855056e+21 3.101293349120792e+21 33.01738848753843 112.88449060265472 35.77074117609273 181.6726202662859
7.199999999999996 5.467638374729095e+21 3.6085494827258657e+21 2.678864234505042e+21 3.2577065029705505e+21 3.506405782308581e+21 3.339370781269938e+21 3.0330903409856563e+21 2.7052212775198434e+21 29.983173272814373 102.08014625148894 32.278161994266384 164.3414815185697
7.299999999999995 4.561489792578585e+21 3.041292784297906e+21 2.2764328900199037e+21 2.808592758794509e+21 3.004062694041917e+21 2.8713956272418277e+21 2.585865042076096e+21 2.3138631424186295e+21 27.455959149236957 93.19701056220148 29.38981522232869 150.04278493376714
7.399999999999995 3.7645124984801764e+21 2.53238461010028e+21 1.909405674714077e+21 2.3871812906916874e+21 2.534307779706756e+21 2.4339895339443143e+21 2.1729031187692037e+21 1.9551207342504485e+21 25.305809805756635 85.64483366133659 26.908182530762176 137.8588259978554
7.499999999999995 3.0799563557017286e+21 2.091258252894417e+21 1.590909807263439e+21 2.029057729427097e+21 2.1319813005425417e+21 2.0622269034644206e+21 1.816367342132612e+21 1.6572793939580604e+21 23.131393568691905 77.93676746172746 24.383647992932552 125.45180902335191
7.599999999999994 2.496786967010841e+21 1.7148738565885696e+21 1.3209978635405041e+21 1.7346607933191915e+21 1.7995563693519132e+21 1.7565664942991511e+21 1.5178340945485496e+21 1.4157197104800937e+21 20.832389193930783 69.71671512889212 21.732433352331153 112.28153767515406
7.699999999999994 2.0011326668665827e+21 1.3920885794667031e+21 1.0883357341384889e+21 1.479368027112197e+21 1.512606991801869e+21 1.492173495859461e+21 1.2607525548027323e+21 1.2083979337681658e+21 18.588379672117238 61.640253151227526 19.16044744822819 99.38908027157296
7.799999999999994 1.5836308374492574e+21 1.1174019528689783e+21 8.889887360326494e+20 1.2597095272758677e+21 1.2661501901877063e+21 1.2650970304563666e+21 1.0405672226584062e+21 1.0324784910646908e+21 16.366167918315956 53.60055468880724 16.629975953439146 86.59669856056234
7.899999999999993 1.235898338349829e+21 8.864087959879693e+20 7.199303382323492e+20 1.07022725645916e+21 1.0537052451922086e+21 1.0695580629289869e+21 8.527293179082259e+20 8.864063995618808e+20 14.144214214801629 45.56006021758577 14.119929161205704 73.8242035935931
7.999999999999993 9.46700830060254e+20 6.926126067849595e+20 5.776977551425048e+20 9.09424102623541e+20 8.71946337873346e+20 9.036890397278512e+20 6.937580198104236e+20 7.70916387838068e+20 11.861445048290463 37.37136792795089 11.583595416493136 60.81640839273449
8.099999999999993 7.067791142717798e+20 5.299857700106681e+20 4.577000884966698e+20 7.684302043620977e+20 7.14115502383976e+20 7.588540008367662e+20 5.581463100475226e+20 6.70169609164653e+20 9.627415533235517 29.595858984851144 9.187714324822402 48.41098884290906
8.199999999999992 5.1075583611715296e+20 3.948733144809112e+20 3.565052803880842e+20 6.386050620981519e+20 5.7350570999890025e+20 6.26735636544668e+20 4.410901148273656e+20 5.8007321958002e+20 7.508806246106471 22.53434681189287 7.012592332798432 37.055745390797775
8.299999999999992 3.540151435644847e+20 2.8471718648858994e+20 2.7264544177150044e+20 5.227312954608369e+20 4.5226802067862356e+20 5.0988212940642314e+20 3.424186174887684e+20 5.027712034243689e+20 5.513754441766433 16.16930241158406 5.048967650674333 26.732024504024825
8.399999999999991 2.3257319306825905e+20 1.9705927540668816e+20 2.0298983483281025e+20 4.1649814319559574e+20 3.472129064065462e+20 4.038355992911496e+20 2.588396077823218e+20 4.215689889319726e+20 3.827449572635531 10.976531962077757 3.4415972773635035 18.24557881207679
8.499999999999991 1.4254328197417429e+20 1.2956192455728749e+20 1.4598164633567452e+20 3.22070303200368e+20 2.58577485189103e+20 3.103445556765383e+20 1.894680005469186e+20 3.398418301552624e+20 2.4613663116083506 6.885785406446678 2.16998708806778 11.517138806122809
8.59999999999999 8.145556375881251e+19 8.153460141946914e+19 1.0244404995715283e+20 2.4402456910658493e+20 1.885971424095596e+20 2.3360095245087116e+20 1.3563957591871015e+20 2.6477598606991186e+20 1.405894227197507 3.81946344261295 1.2106423274330955 6.435999997243552
8.69999999999999 4.446972249237141e+19 5.068214310053945e+19 7.242387349270177e+19 1.861997468145343e+20 1.3849010894437522e+20 1.7705852415331552e+20 9.784756759834573e+19 2.0743213023010967e+20 0.6579837221752223 1.726741478271232 0.5504393206102993 2.9351645210567536
8.79999999999999 2.4415600130991178e+19 3.250792562110912e+19 5.255689610689522e+19 1.4476225392418015e+20 1.0365756117289756e+20 1.366936317624275e+20 7.220047353584366e+19 1.6489172532872875e+20 0.2385730904906578 0.5948136296378128 0.19049281518603586 1.0238795353145065
8.89999999999999 1.42848722389489e+19 2.2312494100557787e+19 4.046877211033891e+19 1.1834925113301226e+20 8.114395988262037e+19 1.1100438762413665e+20 5.613146256847422e+19 1.3980294305549915e+20 0.061933573925826296 0.139606441985484 0.044820628051928955 0.24636064396323926
8.99999999999999 8.723180128067194e+18 1.6219054579775023e+19 3.306228056352645e+19 1.028883931606069e+20 6.693892942698557e+19 9.599273435197378e+19 4.623251767703794e+19 1.3262190959835793e+20 0.013242380066659482 0.020597958134837387 0.0066121237518206285 0.040452461953317496
9.099999999999989 4.855674766930216e+18 1.157666096674416e+19 2.9108173560463905e+19 9.581640010892478e+19 5.7950247233721385e+19 8.940345932513139e+19 4.064183053986521e+19 1.50125062771159e+20 0.005334960487401306 0.002712845968153552 0.0008675761680424422 0.0089153826235973
9.199999999999989 2.319530175520632e+18 7.746199603455397e+18 2.0178728830913593e+19 6.659311049462438e+19 4.001937881054849e+19 6.201609134625977e+19 2.81352432343902e+19 1.0123734815870019e+20 0.0040400931842777075 0.001040743526542596 0.00033343918620618046 0.005414275897026484
9.299999999999988 8.6462705523979e+17 4.960393200782491e+18 1.4046483490629407e+19 4.448912044828516e+19 2.7093133509409333e+19 4.161494187947259e+19 1.9305341971738202e+19 6.638791315630765e+19 0.004112683733912918 0.0008073012461701372 0.00025886519085456034 0.005178850170937615
9.399999999999988 2.5650997213397466e+17 3.146065690405383e+18 1.0458192321828424e+19 3.1514932227556258e+19 1.9301133806304207e+19 2.974048097495745e+19 1.4077746842067556e+19 5.060230097909504e+19 0.0038638024257545084 0.0006334610469242906 0.00020275175346148007 0.004700015226140279
9.499999999999988 9.96357071874419e+16 2.104195158594992e+18 8.092743925743279e+18 2.342795059732107e+19 1.4341237231353088e+19 2.2259839073910796e+19 1.0692080641018767e+19 4.0156964458640335e+19 0.002864192935703341 0.0003115684586573095 9.945789675958513e-05 0.0032752192911202358
9.599999999999987 4.276899101439406e+16 1.5070016657054874e+18 6.43056058856287e+18 1.7955725867993035e+19 1.1055079641524664e+19 1.7136382384667101e+19 8.372962560058547e+18 3.186367247480235e+19 0.003202908948765059 0.0003064074779150844 9.768198688647887e-05 0.0036069984135666225
9.699999999999987 1.4453517699848366e+16 1.051389317619206e+18 4.4072678571528095e+18 1.142862136498258e+19 7.391215982986586e+18 1.0941112487553735e+19 5.645786374891441e+18 1.9061442705360343e+19 0.0026379257181033825 0.0001269545150528551 4.0570744388412116e-05 0.0028054509775446495
9.799999999999986 1.1632531967399606e+16 6.97870582364629e+17 3.882411535613055e+18 1.0322481353286978e+19 6.266607137248574e+18 9.914135776080067e+18 4.913718620905514e+18 1.987514937026466e+19 0.0024872086423307046 0.00010020956533181789 3.183701035602226e-05 0.0026192552180185446
9.899999999999986 1.162970051599779e+16 6.975021659009417e+17 3.881870590285889e+18 1.0321351398753421e+19 6.265445042737172e+18 9.913087296715342e+18 4.912963684368087e+18 1.987605927636107e+19 0.002487058624139365 0.00010018294963552073 3.182837971874638e-05 0.002619069953493632
9.999999999999986 1.162970051599779e+16 6.975021659009417e+17 3.881870590285889e+18 1.0321351398753421e+19 6.265445042737172e+18 9.913087296715342e+18 4.912963684368087e+18 1.987605927636107e+19 0.002487058624139365 0.00010018294963552073 3.182837971874638e-05 0.002619069953493632
