log10_duration FAKE.FAKE.1500 FAKE.FAKE.2500 FAKE.FAKE.BBa FAKE.FAKE.BBb FAKE.FAKE.D4000a FAKE.FAKE.D4000b FAKE.FAKE.U FAKE.FAKE.V Hbeta_EW OIIIr_EW OIIIb_EW OIIIHbeta_EW
6.0 1.2930777972386294e+22 8.516071875273127e+21 6.618855946667275e+21 4.470849001455671e+21 6.881461243832167e+21 5.292928018786865e+21 7.300436343611106e+21 3.351805050083945e+21 227.45118763954977 1456.669641400801 464.97435078970364 2149.095179830055
6.1 1.324516156325034e+22 8.776182699507663e+21 6.784752230777449e+21 4.622067861129126e+21 7.017689886145299e+21 5.441148852305407e+21 7.457096953956296e+21 3.449893703777822e+21 218.43142010439755 1371.7775386973476 438.21783928947366 2028.4267980912189
6.199999999999999 1.3946482055212033e+22 9.378076369750873e+21 7.167467017781284e+21 4.982212462473391e+21 7.341130133831197e+21 5.791215888120901e+21 7.820071002090516e+21 3.6827993954261003e+21 198.26821392094917 1193.2250207633651 381.92308682268714 1773.4163215070014
6.299999999999999 1.4776768026473073e+22 1.0160595981073956e+22 7.662228636137094e+21 5.480629012425976e+21 7.782195004124703e+21 6.267367165808302e+21 8.292904606306295e+21 4.0030923009824674e+21 172.61953023661917 990.5193941611601 316.91842266388966 1480.057347061669
6.399999999999999 1.5328728768116284e+22 1.0813667178072714e+22 8.084083914952133e+21 5.982940657051818e+21 8.205269970391319e+21 6.732838556709078e+21 8.690599620921195e+21 4.3318551573948667e+21 147.96735727170156 827.1469257282549 263.18910290637496 1238.3033859063314
6.499999999999998 1.5161191018783706e+22 1.0928803679067974e+22 8.16533691549714e+21 6.275551892211926e+21 8.370059677361198e+21 6.970886533153202e+21 8.756478335142461e+21 4.540378580785151e+21 128.6601685765032 721.0566290486814 227.7662893467014 1077.483086971886
6.599999999999998 1.4293646585669125e+22 1.0433664402245598e+22 7.798166392577609e+21 6.174698352538291e+21 8.07023460715427e+21 6.797207163988749e+21 8.361394526851466e+21 4.4795742398699814e+21 115.54869941869556 648.4208804033917 203.94956136831783 967.9191411904052
6.6999999999999975 1.3014861409322392e+22 9.553174103817745e+21 7.1194819131894e+21 5.755789418755291e+21 7.404475178067933e+21 6.29449598414295e+21 7.631002581041317e+21 4.1992299580658926e+21 105.89755341955043 587.1431398826575 184.52829785875906 877.568991160967
6.799999999999997 1.154276479624739e+22 8.502767127700149e+21 6.313329144551576e+21 5.205732722459372e+21 6.599689329585033e+21 5.65903057364113e+21 6.767512680602667e+21 3.838084654984169e+21 97.16660640031094 531.4687391951835 167.01115798255688 795.6465035780514
6.899999999999997 1.0014716773590773e+22 7.406520783506257e+21 5.481511834908692e+21 4.6058968677103357e+21 5.76400707219414e+21 4.979492825096999e+21 5.878901210645794e+21 3.452740834621232e+21 89.3008778404098 485.39749673796484 152.31068351411724 727.009058092492
6.9999999999999964 8.527696934709249e+21 6.339473554668207e+21 4.683000889381361e+21 4.0088489602291933e+21 4.955973764403801e+21 4.3116996864299945e+21 5.02677814753715e+21 3.067667839004615e+21 82.3310584153592 447.24494147067077 139.8803971014525 669.4563969874824
7.099999999999996 7.145603736177956e+21 5.343951601038953e+21 3.9486388879408523e+21 3.444751350224403e+21 4.2052775437007617e+21 3.686556968852122e+21 4.2413759629055476e+21 2.6872159625416535e+21 76.31007596225227 415.2263924009331 129.19146582816586 620.7279341913513
7.199999999999996 5.914053781333324e+21 4.455060181588319e+21 3.301672784559325e+21 2.9469412117648323e+21 3.5452209743441014e+21 3.1369151727944037e+21 3.5501471310331647e+21 2.3328900081836575e+21 70.63780303105001 384.59836244601297 118.92391034636066 574.1600758234237
7.299999999999995 4.844684590984803e+21 3.6808142182384916e+21 2.746499195841581e+21 2.531896338911392e+21 2.99186144975285e+21 2.6786302460555737e+21 2.9628995533731686e+21 2.024739310444007e+21 64.75512958223821 351.5487265883437 108.11558977585402 524.4194459464359
7.399999999999995 3.9343839834640613e+21 3.016585412729244e+21 2.272469939852282e+21 2.1792405820026682e+21 2.5237744078735063e+21 2.2905231828183902e+21 2.464565083024515e+21 1.7560475029152352e+21 58.913148033365815 317.74173017881355 97.30254537273564 473.957423584915
7.499999999999995 3.1701211312424317e+21 2.4538140607360805e+21 1.8698707556857812e+21 1.8738989282360327e+21 2.123408607670288e+21 1.9563466295257255e+21 2.041339239790201e+21 1.5179210405670017e+21 53.31253574635061 284.8757945151227 86.95972922029434 425.14805948176763
7.599999999999994 2.5314380860799797e+21 1.9798381888322926e+21 1.5304296170684458e+21 1.6124866341515863e+21 1.783367637108388e+21 1.6715363063827923e+21 1.6844450568326802e+21 1.314655958732259e+21 47.78429137079361 252.04256805805042 76.79019959578787 376.6170590246319
7.699999999999994 1.9994556221516336e+21 1.581928229285291e+21 1.244548097308497e+21 1.3853110707538973e+21 1.4915037679047478e+21 1.4254759658404606e+21 1.3825020122202314e+21 1.1386359867063953e+21 42.41807273555074 220.00076221249756 66.98124139422482 329.4000763422731
7.799999999999994 1.5569104808462202e+21 1.2479597860957606e+21 1.003099853623118e+21 1.183593513314184e+21 1.237657609598437e+21 1.2087803872798127e+21 1.1253142485903298e+21 9.850880493712538e+20 37.20528543222668 189.17027663514514 57.61553335705474 283.9910954244266
7.899999999999993 1.1913989133451586e+21 9.695401021385419e+20 7.999375834918317e+20 1.0028619986180583e+21 1.0166482146106725e+21 1.0165106233792602e+21 9.065798912006717e+20 8.48598500999766e+20 32.13407134222839 159.9718553756418 48.78430554955372 240.89023226742393
7.999999999999993 8.930657318056802e+20 7.402850094029126e+20 6.304351400686664e+20 8.418890918201775e+20 8.262676957838452e+20 8.470054044689973e+20 7.222447050359434e+20 7.268576681132162e+20 27.233734892784362 132.57123986017413 40.502715701109494 200.307690454068
8.099999999999993 6.5049867713352e+20 5.5154111129308974e+20 4.878614107224372e+20 6.981186948699222e+20 6.615802136911076e+20 6.97118395063193e+20 5.6600661460782875e+20 6.206889327110149e+20 22.534747099981765 106.89015202618891 32.736015901776575 162.16091502794725
8.199999999999992 4.5627641739050195e+20 3.9831077861329633e+20 3.689496126175325e+20 5.716750092348898e+20 5.222277728188472e+20 5.664019057085122e+20 4.353254211054316e+20 5.2181796779897133e+20 18.128102743119122 83.38487389401993 25.6329314270734 127.14590806421245
8.299999999999992 3.0460162082531574e+20 2.763285369689173e+20 2.7136043314249217e+20 4.630237135120091e+20 4.057136942032561e+20 4.548511254248613e+20 3.2762657069131104e+20 4.334059762881917e+20 13.900180989030227 61.573474023660935 19.039614404521167 94.51326941721233
8.399999999999991 1.9013187611688875e+20 1.815504043885743e+20 1.9235956176712906e+20 3.691826184871154e+20 3.0745148134029184e+20 3.5928052470434555e+20 2.3933984186281538e+20 3.5815140681161756e+20 9.934181131358336 42.10458787924988 13.11370984029924 65.15247885090744
8.499999999999991 1.0921350045919683e+20 1.1254192621034888e+20 1.3177186041837054e+20 2.9047999574814586e+20 2.28751980768982e+20 2.7971662335087123e+20 1.7055635650732602e+20 2.877609280645434e+20 6.532255328049963 26.28743382461303 8.25747399599682 41.077163148659814
8.59999999999999 5.597850002776477e+19 6.507672783826003e+19 8.745562855050727e+19 2.2514896200278976e+20 1.655575370616669e+20 2.1436300274099116e+20 1.183658240617949e+20 2.337960650547283e+20 3.7257637693773162 14.18653722792823 4.485673316399231 22.39797431370478
8.69999999999999 2.465013450852515e+19 3.5274117203048518e+19 5.732004184216342e+19 1.7180045515491672e+20 1.1670424155885345e+20 1.6172347921942174e+20 8.08111570018361e+19 1.917219285506291e+20 1.747759027832311 6.296427191600337 2.000260146022467 10.044446365455114
8.79999999999999 9.314150999846316e+18 1.8754207822710845e+19 3.8586037260731834e+19 1.2881694761501635e+20 8.127398964945568e+19 1.2039073501275922e+20 5.562763614122847e+19 1.6225160941494695e+20 0.6296513719738701 2.1566177407472327 0.6839650554895412 3.470234168210644
8.89999999999999 3.0723908755017984e+18 1.0359537767167732e+19 2.733464994033942e+19 9.535719899626426e+19 5.740775488897253e+19 8.908053384287835e+19 3.950199067480152e+19 1.4027766437600677e+20 0.18066150708072615 0.5621811949149216 0.176630985201703 0.9194736871973507
8.99999999999999 8.84771560554726e+17 5.961242337220889e+18 2.044111890743512e+19 6.976786866347327e+19 4.139258766760741e+19 6.54194298886071e+19 2.906034476694499e+19 1.0871513675484191e+20 0.059178751001500864 0.13043370839841817 0.041052730327164264 0.2306651897270833
9.099999999999989 3.091533234918305e+17 3.5825218861687506e+18 1.5846393354179666e+19 5.087423005501593e+19 3.0255818577573294e+19 4.789076171554186e+19 2.188107563603137e+19 7.571811525558536e+19 0.022182711848288468 0.026779191561245246 0.008540665550097162 0.05750256895963087
9.199999999999989 1.7352237619660672e+17 2.1679006990321303e+18 1.203736176761953e+19 3.762514873744272e+19 2.181181322990231e+19 3.566289876491249e+19 1.6247423673131065e+19 6.371541050617166e+19 0.02238540934486017 0.02399329688242856 0.007575364505818505 0.053954070733107234
9.299999999999988 1.025567429606448e+17 1.321719519588137e+18 8.883014926544913e+18 2.7364393547454636e+19 1.542514717193989e+19 2.6068430019888636e+19 1.1768958718041924e+19 5.156960487178647e+19 0.030695996699229913 0.03840149964678576 0.012012530449718482 0.08111002679573416
9.399999999999988 4.185784017714118e+16 7.653977076244077e+17 6.394765124399258e+18 1.99270003635702e+19 1.067522481098036e+19 1.9053795814747693e+19 8.366210559061816e+18 4.057291148367968e+19 0.03168656358566983 0.036927697469608806 0.011477753055702518 0.08009201411098116
9.499999999999988 1.7892075376288788e+16 4.594616369756283e+17 4.561019237204611e+18 1.442766259872525e+19 7.378159824885612e+18 1.3832058220233255e+19 5.913777553001001e+18 3.116401939016145e+19 0.027983804218574878 0.027018486205231354 0.008365614986922154 0.06336790541072838
9.599999999999987 8505894169699640.0 2.7498566332888832e+17 3.2492108809103263e+18 1.0539384507278643e+19 5.133426573153109e+18 1.0133467300155234e+19 4.198539815653577e+18 2.4024729537641345e+19 0.03303359337510556 0.029380540926979108 0.00909124242932092 0.07150537673140558
9.699999999999987 5286944039502523.0 1.691815049945442e+17 2.3873480161163197e+18 7.92685300375822e+18 3.6860011283653934e+18 7.641253280957295e+18 3.0748830361504097e+18 1.8906181481755312e+19 0.03731279027625624 0.030033263091079596 0.009242354328600499 0.07658840769593633
9.799999999999986 3705564760052637.5 1.2280310101357106e+17 1.893135543896055e+18 6.359035681989488e+18 2.89754227569672e+18 6.137132599571271e+18 2.4369406760850376e+18 1.5299316417701603e+19 0.024996634096603833 0.01011442180180944 0.0031097971359439125 0.03822085303435718
9.899999999999986 3703921695076224.5 1.2275496970768168e+17 1.8926214912653673e+18 6.357404392019839e+18 2.896722482332385e+18 6.135567522852957e+18 2.4362771726124257e+18 1.529555961044914e+19 0.024980734788867316 0.01008865077838505 0.003101870060284898 0.038171255627537266
9.999999999999986 3703921695076224.5 1.2275496970768168e+17 1.8926214912653673e+18 6.357404392019839e+18 2.896722482332385e+18 6.135567522852957e+18 2.4362771726124257e+18 1.529555961044914e+19 0.024980734788867316 0.01008865077838505 0.003101870060284898 0.038171255627537266
