log10_duration FAKE.FAKE.1500 FAKE.FAKE.2500 FAKE.FAKE.BBa FAKE.FAKE.BBb FAKE.FAKE.D4000a FAKE.FAKE.D4000b FAKE.FAKE.U FAKE.FAKE.V Hbeta_EW OIIIr_EW OIIIb_EW OIIIHbeta_EW
6.0 3.196460875729346e+20 8.547586828759875e+20 1.0509479977676769e+21 1.1120070459050158e+21 1.1986385641341701e+21 1.1502450208199618e+21 1.1444078979569737e+21 1.0140897976660799e+21 51.128004195016715 329.1486115603405 105.2943687711188 485.570984526476
6.1 3.278604228945361e+20 8.841188032103868e+20 1.0874546056387246e+21 1.1538847474079768e+21 1.2389037341614547e+21 1.1918808787715907e+21 1.1828583806866914e+21 1.0521319555522374e+21 48.839596668887395 308.3856811540891 98.66153099684549 455.886808819822
6.199999999999999 3.4615101445599e+20 9.52333937008528e+20 1.173124726372654e+21 1.253845875790524e+21 1.334763592012094e+21 1.2910883724858564e+21 1.2735679973247835e+21 1.1431321484848484e+21 43.82021404349614 265.2329650594654 84.87923398015086 393.9324130831124
6.299999999999999 3.678405903074625e+20 1.0418817625031087e+21 1.288171374677041e+21 1.3928910285146166e+21 1.4674101144857907e+21 1.4285913970997076e+21 1.39661528699513e+21 1.270232892184909e+21 37.61508948571944 217.05472342057863 69.35961741008511 324.0294303163831
6.399999999999999 3.825574396632017e+20 1.1184602629453604e+21 1.394247871277386e+21 1.534263924823367e+21 1.5992078311609357e+21 1.5674138308633813e+21 1.5120867908311562e+21 1.4037684054854452e+21 31.82730636697568 178.88448573316296 56.81887601822933 267.530668118368
6.499999999999998 3.79006560284157e+20 1.1370180086321552e+21 1.4350796256393594e+21 1.62002877625956e+21 1.6705414566733068e+21 1.6493743975454925e+21 1.56225646820702e+21 1.4960845025712713e+21 27.408024646670864 154.38061841124818 48.666164725869265 230.4548077837883
6.599999999999998 3.576519621552646e+20 1.0897098616709982e+21 1.388081120931315e+21 1.6010297791427623e+21 1.6368114682051292e+21 1.6259893573969594e+21 1.5173583506126453e+21 1.4930573002893773e+21 24.457654559145638 137.83606692171583 43.27752872168137 205.57125020254284
6.6999999999999975 3.258822715940044e+20 1.0008627977155793e+21 1.2797934571338974e+21 1.4972645405707068e+21 1.520696353852951e+21 1.517907520456864e+21 1.4028598116878223e+21 1.4118850438124913e+21 22.30811290792406 124.1359595536433 38.95544218358783 185.3995146451552
6.799999999999997 2.892193720004189e+20 8.933987921420435e+20 1.145273231964493e+21 1.3581322270140491e+21 1.370730269783075e+21 1.3746209334729502e+21 1.2590457675523023e+21 1.3011420381600966e+21 20.379660944373015 111.83471109092582 35.090565291203596 167.30493732650245
6.899999999999997 2.5110262954973947e+20 7.802538395781599e+20 1.0028370891075389e+21 1.2047475657939998e+21 1.2088256263740226e+21 1.2174808423289305e+21 1.1057007592770437e+21 1.1797057579094213e+21 18.657406643592623 101.70730096944598 31.86533217673019 152.2300397897688
6.9999999999999964 2.139740318702692e+20 6.693929336370146e+20 8.633426485990076e+20 1.0509745126453987e+21 1.048107461631762e+21 1.0603831390010267e+21 9.546144573157791e+20 1.0556973512383684e+21 17.143583618771633 93.36366711875303 29.154249333689386 139.66150007121405
7.099999999999996 1.7942751577492777e+20 5.6542613485108455e+20 7.328864987178782e+20 9.049169686963644e+20 8.959021959395677e+20 9.113864622836029e+20 8.122579735175598e+20 9.304902636661562e+20 15.844173005107141 86.40227726163022 26.837475011360134 129.0839252780975
7.199999999999996 1.4862281687786396e+20 4.722971289017234e+20 6.16711440931815e+20 7.756946151391042e+20 7.607911999221342e+20 7.795188877937676e+20 6.854441417000748e+20 8.122470065115533e+20 14.6263818040364 79.78418197438934 24.626975876295337 119.03753965472107
7.299999999999995 1.2186299079349487e+20 3.9097826985121e+20 5.162267324381908e+20 6.678798825537279e+20 6.471479472819415e+20 6.693300431386381e+20 5.770776766622587e+20 7.086874243811677e+20 13.369859320035472 72.69377376347518 22.316285427438057 108.37991851094871
7.399999999999995 9.906974595798291e+19 3.210431758231568e+20 4.2972911188216735e+20 5.761028638668992e+20 5.5037381024747835e+20 5.7556148148515734e+20 4.84375330586687e+20 6.177327907084256e+20 12.128824378956685 65.49039676092764 20.02046237248481 97.63968351236913
7.499999999999995 7.991834244249916e+19 2.6165596089410126e+20 3.557022701448783e+20 4.964276623331904e+20 4.6681487516523495e+20 4.942774947076698e+20 4.048745889872058e+20 5.364541607010563e+20 10.945579701994607 58.53287571364299 17.83834844366718 87.31680385930477
7.599999999999994 6.389955322285428e+19 2.1153324188942123e+20 2.928606552719969e+20 4.28060959316682e+20 3.952276571631804e+20 4.246008256680243e+20 3.372322947233055e+20 4.66739405710494e+20 9.783884063915238 51.62617563141174 15.705656013618896 77.11571570894587
7.699999999999994 5.054302724631286e+19 1.69365659772987e+20 2.395720819368577e+20 3.68488475657387e+20 3.331646954176316e+20 3.63993240597677e+20 2.7941995661941614e+20 4.0602413338856115e+20 8.662211388362346 44.92733881731827 13.660608087387383 67.250158293068
7.799999999999994 3.941802933084131e+19 1.338977716972829e+20 1.9425437009176914e+20 3.1542914604185276e+20 2.7858473633953946e+20 3.102034590058602e+20 2.2962486970070965e+20 3.5276536140034376e+20 7.578213020990889 38.51976936039712 11.718789506633115 57.81677188802112
7.899999999999993 3.0216824706226414e+19 1.0426709068358402e+20 1.558730041112951e+20 2.6774315886029803e+20 2.3054856077207008e+20 2.621058341821117e+20 1.8680186472742745e+20 3.051211490246718e+20 6.528936017054878 32.48507570584684 9.897261968829099 48.91127369173081
7.999999999999993 2.2696512033409188e+19 7.981810998775446e+19 1.2364392730493734e+20 2.2514882764726685e+20 1.887609356881406e+20 2.1939737804528242e+20 1.503222376225015e+20 2.6235467919821586e+20 5.519965296993645 26.8516931986605 8.197461671863863 40.56912016751801
8.099999999999993 1.6570874498481746e+19 5.9635458094878e+19 9.631880413357931e+19 1.869996576090532e+20 1.5223513531812692e+20 1.8136042299108006e+20 1.1902465116505714e+20 2.248801537740127e+20 4.557004305376902 21.597887188043135 6.610651907510948 32.76554340093099
8.199999999999992 1.1656434285008105e+19 4.3204870799134786e+19 7.334642030783223e+19 1.533654968041739e+20 1.210547658246588e+20 1.4797619657066978e+20 9.255791891333551e+19 1.896998238508238e+20 3.657967792146342 16.811185606693183 5.165605262116843 25.63475866095637
8.299999999999992 7.809511804464205e+18 3.0083353381387244e+19 5.433896757987018e+19 1.2440087969215468e+20 9.474803634340897e+19 1.1932143153350284e+20 7.049650229414344e+19 1.5804437191674872e+20 2.7990254969958372 12.388193771193155 3.8295435069984674 19.01676277518746
8.399999999999991 4.897052165909681e+18 1.984697369650032e+19 3.880709366854095e+19 9.932354499303457e+19 7.231467535466058e+19 9.461142344674288e+19 5.214799439141567e+19 1.3097915746578566e+20 1.996522750113697 8.455488890569775 2.6330578358840846 13.085069476567558
8.499999999999991 2.831841341431153e+18 1.2364349300320926e+19 2.678824264151142e+19 7.824203536904174e+19 5.416832222846936e+19 7.391077781041195e+19 3.764939759690171e+19 1.0546891282638145e+20 1.3106362690962299 5.271081409061926 1.6556196765271727 8.237337354685328
8.59999999999999 1.4669420701411502e+18 7.191894454827539e+18 1.791071000999836e+19 6.070192079745529e+19 3.942775148702527e+19 5.67994184969022e+19 2.6453813875460088e+19 8.586918593959712e+19 0.7465152217008688 2.8413226334728194 0.8983681274888915 4.48620598266258
8.69999999999999 6.57554323566249e+17 3.92537200119775e+18 1.1814224508361417e+19 4.634963171941462e+19 2.7909799926418604e+19 4.293725489897247e+19 1.8246745091987802e+19 7.054318808809767e+19 0.34985237231636285 1.2600962045258095 0.4003031179743394 2.0102516948165117
8.79999999999999 2.5512923844222304e+17 2.1026098179257213e+18 7.988859584427771e+18 3.476768527627368e+19 1.9482421611307586e+19 3.2000841366833644e+19 1.2641146059832533e+19 5.9806245862865035e+19 0.1259695942623156 0.4314241238178974 0.13682396099565042 0.6942176790758634
8.89999999999999 8.661617294650933e+16 1.1694357225805064e+18 5.672151687965939e+18 2.574290889621526e+19 1.377161048876256e+19 2.3689800434213937e+19 8.998983783557623e+18 5.1792070821896135e+19 0.036135659582585564 0.11244426430041096 0.035328604112689094 0.18390852799568563
8.99999999999999 2.5442588821371892e+16 6.771435061106139e+17 4.244747271999013e+18 1.883680466903234e+19 9.927178877781539e+18 1.7399397935884958e+19 6.618366900548088e+18 4.014765488190508e+19 0.01183614094433562 0.02608742596237457 0.008210750722839425 0.046134317629549615
9.099999999999989 8799675568627732.0 4.095052623222317e+17 3.291324220199082e+18 1.373626942134028e+19 7.252372791290974e+18 1.273755650291191e+19 4.975816379096169e+18 2.7935143939733414e+19 0.0044365991809470675 0.005355894689684512 0.0017081504030150144 0.011500644273646594
9.199999999999989 4858364582151811.0 2.491031718780605e+17 2.4998457648020567e+18 1.0159743159312415e+19 5.225194565493877e+18 9.484459460578509e+18 3.6886435397059727e+18 2.35298789667118e+19 0.004477143252707171 0.004798715316474755 0.0015150897551646533 0.010790948324346579
9.299999999999988 2867019620196248.0 1.5258045456441005e+17 1.844449535145292e+18 7.389343155989315e+18 3.6933913332095345e+18 6.93222520690745e+18 2.668101339208177e+18 1.9060207907911967e+19 0.006139320849260577 0.0076804317890541 0.0024025442327256334 0.016222296871040313
9.399999999999988 1168912282052251.2 8.888737848008326e+16 1.327539633538452e+18 5.381230226166461e+18 2.554820981236424e+18 5.066584378081589e+18 1.8948517089640591e+18 1.5002385057222085e+19 0.006337440714744917 0.0073856707214285345 0.002295588762015034 0.016018700198188483
9.499999999999988 505336184806081.25 5.3653914133139064e+16 9.467403639592609e+17 3.896281660336411e+18 1.765143085862047e+18 3.677942294727431e+18 1.3385535867444099e+18 1.1527321220021629e+19 0.005596861556212704 0.005403783364644554 0.0016731478827027144 0.012673792803559972
9.599999999999987 221284323575170.16 3.2282627295497864e+16 6.742859325438342e+17 2.8463122864140457e+18 1.227628091830754e+18 2.694331093653367e+18 9.498520637905804e+17 8.889220080569979e+18 0.006606859389794075 0.005876218635411832 0.0018182802760144813 0.014301358301220389
9.699999999999987 125489025098777.6 1.9983705594539984e+16 4.9531996740308826e+17 2.1407992899237e+18 8.811498918516929e+17 2.031576862056879e+18 6.953116932981119e+17 6.997016804602215e+18 0.007462737078192391 0.006006781100773243 0.0018485075561680369 0.01531802573513367
9.799999999999986 89528775553579.12 1.4583390846682024e+16 3.9280926448942e+17 1.7173982259106964e+18 6.92647968185509e+17 1.63168034625153e+18 5.512054004335796e+17 5.662455376787348e+18 0.004999405625664864 0.002022912887651801 0.0006219675164650351 0.0076442860297817
9.899999999999986 89491510464351.66 1.4577786334956294e+16 3.9270263935961216e+17 1.7169576834822354e+18 6.924519768225948e+17 1.631264244205899e+18 5.510555232349781e+17 5.661065328438347e+18 0.00499622566094277 0.0020177585912225598 0.0006203820752161857 0.007634366327381516
9.999999999999986 89491510464351.66 1.4577786334956294e+16 3.9270263935961216e+17 1.7169576834822354e+18 6.924519768225948e+17 1.631264244205899e+18 5.510555232349781e+17 5.661065328438347e+18 0.00499622566094277 0.0020177585912225598 0.0006203820752161857 0.007634366327381516
