log10_duration FAKE.FAKE.1500 FAKE.FAKE.2500 FAKE.FAKE.BBa FAKE.FAKE.BBb FAKE.FAKE.D4000a FAKE.FAKE.D4000b FAKE.FAKE.U FAKE.FAKE.V Hbeta_EW OIIIr_EW OIIIb_EW OIIIHbeta_EW
6.0 1.8579143203225073e+21 2.569987660031902e+21 3.016093900986777e+21 2.1402721128139315e+21 3.590193758033221e+21 2.7838872730206056e+21 3.3688308780467754e+21 2.1473483985838114e+21 384.5328298242009 1441.8917763530146 468.5425749258393 2294.967181103055
6.1 1.8824300388545748e+21 2.6090650067558906e+21 3.066481842360886e+21 2.172589291652634e+21 3.6516385672762433e+21 2.829109833912717e+21 3.4255072366570473e+21 2.1828809426289353e+21 385.98224541379864 1451.0458599098865 471.197240462833 2308.225345786518
6.199999999999999 1.9417090398531614e+21 2.7026253197888e+21 3.1805190653824535e+21 2.2506748800281414e+21 3.786250373455065e+21 2.93253165141452e+21 3.5517410039258997e+21 2.2638751338541867e+21 386.3445830767772 1455.5242426677369 472.50448003091674 2314.3733057754307
6.299999999999999 2.044252220045026e+21 2.868573042101394e+21 3.361760958450081e+21 2.4428109061219696e+21 4.0072119779742093e+21 3.141588134818242e+21 3.7527980709200176e+21 2.470211589639809e+21 363.177652001101 1361.9335499465153 441.0223287448175 2166.133530692434
6.399999999999999 2.151592591028039e+21 3.048906060320516e+21 3.546594351131962e+21 2.7052939328291896e+21 4.242728795322234e+21 3.401348046439429e+21 3.9592167280103926e+21 2.8068547052369567e+21 322.4891659882846 1197.8276633612077 386.29366780215463 1906.610497151647
6.499999999999998 2.171044130775519e+21 3.098056266780874e+21 3.580390454610058e+21 2.847454372919116e+21 4.300334451300226e+21 3.5126962476078664e+21 3.99869672594708e+21 2.996476563981044e+21 290.9021513687347 1070.5579114090058 344.4547536303457 1705.9148164080862
6.599999999999998 2.0846123047652473e+21 2.9988271987241197e+21 3.464394420523913e+21 2.9600586325811024e+21 4.2613150194992666e+21 3.56340791039658e+21 3.9038229732552616e+21 3.071022602466001e+21 256.723430677536 933.8018808506324 299.76936069898943 1490.294672227158
6.6999999999999975 1.9287799489485031e+21 2.795756611063474e+21 3.2419244411749217e+21 3.051998503877851e+21 4.152296705212482e+21 3.574749241413932e+21 3.7136835127017273e+21 3.125083511657876e+21 219.67949591510106 786.3306276941524 251.86046039375137 1257.870584003005
6.799999999999997 1.7318549859402627e+21 2.5182983923141936e+21 2.922715699583036e+21 2.9630253392157276e+21 3.857220074816883e+21 3.4014364397672616e+21 3.390267263751455e+21 3.047500842861597e+21 191.96843353718842 675.6666587188367 216.1275068107612 1083.7625990667864
6.899999999999997 1.521565482252702e+21 2.2150914892512166e+21 2.564194024903032e+21 2.7212052319916335e+21 3.4369955894997544e+21 3.0812885428107965e+21 2.9933719008105805e+21 2.819901838832456e+21 172.86357767169972 600.309389339474 191.7919423434849 964.9649093546586
6.9999999999999964 1.31549488715176e+21 1.9177400087803464e+21 2.2123297747113877e+21 2.4286252803130864e+21 2.997332598313124e+21 2.7199197716675523e+21 2.5935745087668e+21 2.5142563098522246e+21 158.09116462956825 543.8117520515176 173.49109596185778 875.3940126429436
7.099999999999996 1.1206122984480972e+21 1.6393735111087413e+21 1.88787015802159e+21 2.1401417272685646e+21 2.5859569142702895e+21 2.3723499229391256e+21 2.2226269161098508e+21 2.2017729859454933e+21 144.83589642751508 494.9611510991841 157.6154993515532 797.4125468782524
7.199999999999996 9.420975415613703e+20 1.3853875789620325e+21 1.5943155584728087e+21 1.860771882670989e+21 2.2057166065767974e+21 2.04324339216449e+21 1.8838652645757645e+21 1.8944716273882232e+21 133.03086131005597 452.74540737052394 143.8375262496566 729.6137949302365
7.299999999999995 7.820925530010503e+20 1.1562299413163074e+21 1.3299906779741403e+21 1.5908471177634017e+21 1.8538193724067092e+21 1.7323216629983376e+21 1.5753000384991566e+21 1.6018089619819127e+21 122.98980123820321 417.34009438727355 132.21937803187296 672.5492736573497
7.399999999999995 6.425482490513888e+20 9.54379448693872e+20 1.0974601811270538e+21 1.3424169566919273e+21 1.5383387742772265e+21 1.4505700026500616e+21 1.3015354847539935e+21 1.3397196313514787e+21 114.29124848154774 386.7254487660271 122.06692920234573 623.0836264499206
7.499999999999995 5.2347595336562967e+20 7.816425549106855e+20 9.000768294383611e+20 1.1327563130772162e+21 1.2729153629876212e+21 1.2138415317578988e+21 1.0700995472295824e+21 1.1234899854653417e+21 105.34673125055491 354.96938728738957 111.571139206897 571.8872577448415
7.599999999999994 4.226791596992916e+20 6.358524956455791e+20 7.355602023788468e+20 9.610507332089184e+20 1.0557699867700958e+21 1.0204350960468589e+21 8.790532364325525e+20 9.487137864509783e+20 95.724855941068 320.5034732875666 100.354855462766 516.5831846914006
7.699999999999994 3.375031145055958e+20 5.1221316753172785e+20 5.966267189052325e+20 8.135598312960734e+20 8.721792087090596e+20 8.557410138820827e+20 7.179660168073034e+20 8.005884354250514e+20 86.16608076503348 286.0110439712461 89.2765539710739 461.4536787073535
7.799999999999994 2.6611712903744402e+20 4.0804383969091335e+20 4.798123854729689e+20 6.877240813738269e+20 7.175097407086812e+20 7.162786272572657e+20 5.826682745263998e+20 6.762494015943719e+20 76.53263081272233 251.0363129416915 78.18146461461669 405.75040836903054
7.899999999999993 2.069125074410547e+20 3.211832271337962e+20 3.823713022379913e+20 5.800902066710651e+20 5.868016253911201e+20 5.978899165705446e+20 4.6933945420556626e+20 5.738331093344054e+20 66.7293055996659 215.40281633132784 66.97907835468816 349.1112002856819
7.999999999999993 1.5789391042505176e+20 2.4894487464551108e+20 3.016723429033788e+20 4.8940040186209763e+20 4.770412152406412e+20 4.986994612224283e+20 3.750746250814461e+20 4.93062545706945e+20 56.47480541759428 178.41724147693657 55.454122539497064 290.3461694340279
8.099999999999993 1.1742344600626699e+20 1.8891223506458968e+20 2.3480147142449342e+20 4.106772526272062e+20 3.838375400623778e+20 4.135464463744443e+20 2.96273957717637e+20 4.2374808810598236e+20 46.25476613623478 142.62483339023365 44.37148606950082 233.25108559596924
8.199999999999992 8.451309139425655e+19 1.3952985745908328e+20 1.795267063789846e+20 3.3913434647044915e+20 3.030333397092512e+20 3.375693801983295e+20 2.298412780280512e+20 3.629709962190379e+20 36.38948161582236 109.53388970502223 34.14062185628777 180.06399317713237
8.299999999999992 5.832872329395461e+19 9.968338620533945e+19 1.3465667855735887e+20 2.7597558556432545e+20 2.3499138387579827e+20 2.7162525487472142e+20 1.7509463293085598e+20 3.1166923010555675e+20 26.94135941341324 79.21461296272896 24.762111658840073 130.9180840349823
8.399999999999991 3.815066638655488e+19 6.83314286978238e+19 9.832695639444264e+19 2.187624706543841e+20 1.7757566352361744e+20 2.130372242808056e+20 1.2995728990253703e+20 2.593888195834137e+20 18.832945817092572 54.123788413768644 16.98174402943566 89.93847826029688
8.499999999999991 2.3279927510107447e+19 4.44906711669319e+19 6.942120815208412e+19 1.6843184463860456e+20 1.303679884865669e+20 1.623528251121407e+20 9.353731285570617e+19 2.0789878044604734e+20 12.180342244847889 34.127720577487175 10.759245855061083 57.06730867739614
8.59999999999999 1.324635578882645e+19 2.7728605507998085e+19 4.7911424851126256e+19 1.2717447481453496e+20 9.393421514319167e+19 1.2138197199919268e+20 6.598873145356933e+19 1.6128166105024663e+20 6.988056047003994 19.00374256471806 6.024716074057359 32.01651468577941
8.69999999999999 7.205132152090201e+18 1.7084705374713537e+19 3.341596619858418e+19 9.679907705122675e+19 6.834338144829458e+19 9.155514321830642e+19 4.706638413173067e+19 1.2598321005726523e+20 3.280829352394401 8.61432346406978 2.7462269628052507 14.641379779269432
8.79999999999999 3.9499473350452e+18 1.088910426564813e+19 2.4041819706321117e+19 7.515210223107588e+19 5.087584601842697e+19 7.048865386974143e+19 3.4494987800929296e+19 9.99905686469354e+19 1.191671084499823 2.9717113327038693 0.9517314977856819 5.115113914989374
8.89999999999999 2.3165433461791524e+18 7.453041116948465e+18 1.8439947765040675e+19 6.140440718769134e+19 3.973355779581703e+19 5.717728797638573e+19 2.6741771754157617e+19 8.473190620270512e+19 0.3095877792641905 0.6978922846217467 0.22405943891744945 1.2315395028033866
8.99999999999999 1.4248084905624614e+18 5.417370183149092e+18 1.5048230960371345e+19 5.337468205330614e+19 3.275585198556402e+19 4.943129884253571e+19 2.201391326602431e+19 8.039508210919472e+19 0.06620829526727454 0.10298549222907519 0.033059276006866485 0.2022530635032162
9.099999999999989 8.021595647241299e+17 3.8728831572903224e+18 1.3246927818302376e+19 4.970611253945559e+19 2.8346447664184185e+19 4.603649584207118e+19 1.9351273641719042e+19 9.106825752539257e+19 0.02667422578582086 0.01356399937067076 0.004337809716183022 0.04457603487267464
9.199999999999989 3.884013310938329e+17 2.593555316233444e+18 9.182884051439214e+18 3.4545680986284417e+19 1.9574419395837247e+19 3.1934062685414003e+19 1.3395332958004627e+19 6.140339450330744e+19 0.02020012884050965 0.0052036498694489845 0.0016671748860922044 0.02707095359605084
9.299999999999988 1.4697136890524496e+17 1.6632057177266463e+18 6.392291980915255e+18 2.3078927051883258e+19 1.3249467108494776e+19 2.1428114142152196e+19 9.187155073662901e+18 4.02595716297042e+19 0.020563065006211866 0.004036451494862338 0.0012943089029018389 0.025893825403976042
9.399999999999988 4.4443786525803016e+16 1.0571947759655894e+18 4.759352693776538e+18 1.634869159965733e+19 9.435788169527826e+18 1.5312809740541262e+19 6.694911196302194e+18 3.069269360899495e+19 0.019318704592100847 0.0031672634135821057 0.0010137457645927651 0.023499713770275717
9.499999999999988 1.7325590297552646e+16 7.084288422845806e+17 3.6827545195414303e+18 1.2153557201288497e+19 7.009010566309641e+18 1.1460518843999863e+19 5.081547037360737e+18 2.4361533904129307e+19 0.014320795272542621 0.0015578265093315032 0.0004972846102380445 0.016375906392112168
9.599999999999987 7478243090919721.0 5.0823477288165094e+17 2.9263583451657994e+18 9.314851807526154e+18 5.402058633710368e+18 8.822461567817699e+18 3.977432132588132e+18 1.9332281614622323e+19 0.01601433467374052 0.001532019842823436 0.000488404530004179 0.018034759046568136
9.699999999999987 2580632912249930.0 3.54841260899943e+17 2.0054509155239455e+18 5.928779852338472e+18 3.6116397842072796e+18 5.632752602986279e+18 2.6800115853823063e+18 1.156236398664218e+19 0.013189479004423722 0.0006347661367349146 0.00020285172926851478 0.014027096870427152
9.799999999999986 1975681144049359.0 2.3626255925896525e+17 1.766694507392427e+18 5.355005975198594e+18 3.0610516745439375e+18 5.103926245654916e+18 2.331980626569278e+18 1.2061438115185963e+19 0.012435917321756815 0.0005010432145399269 0.0001591836448043048 0.013096144181101046
9.899999999999986 1975068781427616.8 2.3613898607749984e+17 1.7664484344226435e+18 5.354419849889523e+18 3.060482719168692e+18 5.103386344795659e+18 2.331621727570192e+18 1.2061995824634106e+19 0.012435167253720283 0.0005009101377694079 0.0001591404921602239 0.013095217883649915
9.999999999999986 1975068781427616.8 2.3613898607749984e+17 1.7664484344226435e+18 5.354419849889523e+18 3.060482719168692e+18 5.103386344795659e+18 2.331621727570192e+18 1.2061995824634106e+19 0.012435167253720283 0.0005009101377694079 0.0001591404921602239 0.013095217883649915
