log10_duration FAKE.FAKE.1500 FAKE.FAKE.2500 FAKE.FAKE.BBa FAKE.FAKE.BBb FAKE.FAKE.D4000a FAKE.FAKE.D4000b FAKE.FAKE.U FAKE.FAKE.V Hbeta_EW OIIIr_EW OIIIb_EW OIIIHbeta_EW
6.0 2.492567869162893e+20 6.097763046582969e+20 7.778171786454815e+20 7.725445957936791e+20 8.632604818988933e+20 8.413534653780342e+20 8.220625688649424e+20 7.513419539494592e+20 132.83883175856155 67.63999708812274 21.84308357434423 222.32191242102851
6.1 2.5144836132519907e+20 6.159738603286945e+20 7.861221876496901e+20 7.803257532723193e+20 8.723972180841932e+20 8.501494146006436e+20 8.308158847586944e+20 7.5916104234839e+20 133.37350899796485 68.03528483938565 21.97583499779961 223.38462883515012
6.199999999999999 2.561332242954911e+20 6.295717298394017e+20 8.046040742272289e+20 7.975460064891773e+20 8.927294250121548e+20 8.697344069327895e+20 8.502957319616019e+20 7.766766018321769e+20 134.74296156613414 69.02434628649632 22.297776760101883 226.06508461273233
6.299999999999999 2.644961326935419e+20 6.558367158875036e+20 8.422634235703174e+20 8.491806803528592e+20 9.455944277064913e+20 9.239615704908983e+20 8.94369139955828e+20 8.302621851652239e+20 131.50750346174476 67.58173056978617 21.818038114533326 220.90727214606426
6.399999999999999 2.775005129095064e+20 7.101535842451189e+20 9.397210449339461e+20 1.0811004964186304e+21 1.1553129016731883e+21 1.1533707788223409e+21 1.0360226019845588e+21 1.0754801488871594e+21 105.17430421135016 53.61927176601358 17.202904564563127 175.99648054192687
6.499999999999998 2.828882386880817e+20 7.519496347336399e+20 1.0364543769628971e+21 1.4148802365725512e+21 1.4434485185621388e+21 1.4775742839767307e+21 1.2076208336347569e+21 1.4401724920546072e+21 77.22874533359769 38.75622784332211 12.378687130217868 128.36366030713765
6.599999999999998 2.7493216664257004e+20 7.483151384356103e+20 1.0601556431586139e+21 1.6310296599929228e+21 1.6133340613259556e+21 1.6813935043995697e+21 1.2883929564373398e+21 1.6943158837375808e+21 61.183399784151256 30.15629002725059 9.626339983006522 100.96602979440837
6.6999999999999975 2.5890616467344284e+20 7.128382503919054e+20 1.0220692339168467e+21 1.6605322047003089e+21 1.6146524212397974e+21 1.700499120520128e+21 1.2652912108422095e+21 1.7549344690778202e+21 53.213250791504905 25.851202700564752 8.249086841407971 87.31354033347762
6.799999999999997 2.3783079941202598e+20 6.584270763782409e+20 9.462636345331328e+20 1.5544442760777533e+21 1.5011971875290156e+21 1.5869984079872807e+21 1.173882757968046e+21 1.6589863929703993e+21 49.06936827855943 23.620668700867096 7.525315448172814 80.21535242759934
6.899999999999997 2.1419701359966716e+20 5.951275759883818e+20 8.533555456631907e+20 1.3944776855720692e+21 1.3438331383970805e+21 1.421024473403837e+21 1.0546414142290069e+21 1.4874802260506095e+21 46.186142360681224 22.078514381720435 7.016925516931749 75.2815822593334
6.9999999999999964 1.892639081313748e+20 5.274040175002852e+20 7.533133128119858e+20 1.2181264409940373e+21 1.1732359855618253e+21 1.239440279938445e+21 9.258421257461109e+20 1.2924257536696504e+21 43.72128233178086 20.78102582884056 6.586958118235931 71.08926627885735
7.099999999999996 1.641610146587207e+20 4.59258805557278e+20 6.538548208463092e+20 1.047791033082064e+21 1.0085060185210843e+21 1.064420904477921e+21 7.997432774851937e+20 1.1040877078395557e+21 41.26265268788913 19.525716590503468 6.171128845604704 66.95949812399729
7.199999999999996 1.4009073287645051e+20 3.9363881041615074e+20 5.589062970558651e+20 8.897044541402479e+20 8.553769815593602e+20 9.022609298045184e+20 6.810395114522678e+20 9.30564714482968e+20 38.80361786503396 18.30307127860372 5.7680012470814885 62.87469039071917
7.299999999999995 1.179504667118928e+20 3.330239352453686e+20 4.722477865468205e+20 7.489570464582392e+20 7.186176434919861e+20 7.580732691853338e+20 5.738616273702637e+20 7.779858089373151e+20 36.35034178300975 17.107236488729175 5.375305561131053 58.83288383286998
7.399999999999995 9.815914444416537e+19 2.7872132469784347e+20 3.9554005833215056e+20 6.271656281192886e+20 5.998222242378254e+20 6.334294602187728e+20 4.7982966121534705e+20 6.474668873972502e+20 33.92066573154547 15.934097333501645 4.990825291044359 54.845588356091476
7.499999999999995 8.085132180471305e+19 2.3101924076259957e+20 3.2860638904621616e+20 5.229773454892833e+20 4.97627865117542e+20 5.268626568160017e+20 3.9823344792760156e+20 5.369539561436147e+20 31.537180017975064 14.784338636044575 4.612389458469391 50.933908112489036
7.599999999999994 6.604474473827562e+19 1.901123281026932e+20 2.7152878838359487e+20 4.357793503332021e+20 4.1152041296699005e+20 4.3766749390643134e+20 3.28912323366502e+20 4.4538111915122006e+20 29.105714241384142 13.608650759125934 4.223213218398809 46.93757821890888
7.699999999999994 5.342140633011267e+19 1.5522229178438278e+20 2.231102939853168e+20 3.629502694404336e+20 3.394470037184378e+20 3.632342023917694e+20 2.7046964770559063e+20 3.696717239004868e+20 26.581328349711292 12.37744906013151 3.819489457633027 42.77826686747583
7.799999999999994 4.2622173084868936e+19 1.2529097543447006e+20 1.8173641772879836e+20 3.016572765085207e+20 2.7884854443070826e+20 3.006960568008701e+20 2.209774208473325e+20 3.066954774934361e+20 23.97600070088191 11.085193711837752 3.4046117931225 38.46580620584216
7.899999999999993 3.3515224842801644e+19 1.0011416840279387e+20 1.4727568401700128e+20 2.5223715925211785e+20 2.2969910547152654e+20 2.502574834909752e+20 1.8030734679437358e+20 2.5802868505217512e+20 21.041239931483112 9.615962319344273 2.943716987972177 33.60091923879956
7.999999999999993 2.5913167952167567e+19 7.907000797492665e+19 1.1859709295438954e+20 2.1172755896091453e+20 1.8942079915898598e+20 2.0896089802831197e+20 1.4673429795878776e+20 2.180978208216219e+20 17.94148078528777 8.071875483994328 2.466672608799107 28.480028878081203
8.099999999999993 1.9527127292589306e+19 6.11112740555383e+19 9.393056279976192e+19 1.7660889143091482e+20 1.5467173280789732e+20 1.7328208227905664e+20 1.1786914723730178e+20 1.843254047741628e+20 14.855637847464171 6.543561108807734 2.0007599127558566 23.399958869027763
8.199999999999992 1.4254882571954821e+19 4.606613729593521e+19 7.319552443449118e+19 1.4751307462561235e+20 1.2568888080931676e+20 1.4375928266251936e+20 9.374140088170072e+19 1.601248647854051e+20 11.609777116544414 4.970005198440813 1.5255845398180068 18.105366854803233
8.299999999999992 1.000517131377324e+19 3.3643306795547124e+19 5.567119838506053e+19 1.2130432272169399e+20 1.0028514937718342e+20 1.173838482017824e+20 7.303250917943396e+19 1.3693863473567744e+20 8.661807143575558 3.5920559112334898 1.1087894619522805 13.36265251676133
8.399999999999991 6.740973041905209e+18 2.3973775419793175e+19 4.199280915519303e+19 1.013744470023884e+20 8.09905859391069e+19 9.734884168519416e+19 5.708977617498524e+19 1.1847824877195821e+20 5.870170917390001 2.3443001581884086 0.729657735891785 8.944128811470195
8.499999999999991 4.3340561972090675e+18 1.662622149535056e+19 3.136976666312831e+19 8.530032667935205e+19 6.559245760398645e+19 8.125404766181207e+19 4.457128560864843e+19 1.0272163524463059e+20 3.5430616446994323 1.3566586107831773 0.42640551440025865 5.326125769882868
8.59999999999999 2.633600026805091e+18 1.1204362246638768e+19 2.332689651436902e+19 7.308267293398205e+19 5.371269366402941e+19 6.901271936038645e+19 3.5033800078067057e+19 9.157638263026044e+19 1.8020707487088858 0.6580606162807757 0.20910303586431103 2.6692344008539726
8.69999999999999 1.5219769497520796e+18 7.313343937656841e+18 1.6815182592859433e+19 5.877559834152698e+19 4.142209603782105e+19 5.506898685800875e+19 2.629920066595131e+19 7.567660696380916e+19 0.8033350468383964 0.28110848082431794 0.09007638313199601 1.1745199107947104
8.79999999999999 8.746299030375551e+17 4.859233066857103e+18 1.2474091167743656e+19 4.706243701646564e+19 3.1766839710087676e+19 4.378324081304322e+19 1.993663134137698e+19 6.304723421857893e+19 0.27350000366652344 0.09239446474339304 0.02981101995878761 0.3957054883687041
8.89999999999999 5.511230340276323e+17 3.536414618217145e+18 9.975987967129698e+18 3.974195416902154e+19 2.592684478083697e+19 3.677887841743946e+19 1.6165940946800493e+19 5.529068625145645e+19 0.06490438094136204 0.020781011652213965 0.006734293220235647 0.09241968581381166
8.99999999999999 3.7116927910842035e+17 2.7437606063834977e+18 8.450085013581472e+18 3.566176649041703e+19 2.252886311343232e+19 3.2870071894880678e+19 1.393642117343575e+19 5.322123171259191e+19 0.01215432381785748 0.0029162808174117423 0.0009468911182928695 0.01601749575356209
9.099999999999989 2.3851487425772125e+17 1.7965881234074035e+18 5.705707470897871e+18 2.3088708828211696e+19 1.433978297452256e+19 2.122363497760066e+19 9.075623931172008e+18 3.507016913187611e+19 0.004710639209274006 0.0004033778783366069 0.00013103166525420352 0.005245048752864816
9.199999999999989 1.4274194981380874e+17 1.1880039781028324e+18 4.3487197458162033e+18 1.6811572789279306e+19 1.0209665718556912e+19 1.5456307555461204e+19 6.660774417482067e+18 2.779419286244924e+19 0.0030214370400673944 6.210671396727998e-05 2.0191891355888588e-05 0.003103735645390563
9.299999999999988 8.34085731753601e+16 8.398020509698821e+17 3.3935831766101873e+18 1.3144293018998847e+19 7.850420734856004e+18 1.2074810918897357e+19 5.163451063020458e+18 2.2664437817328087e+19 0.002445892590351111 2.8484239569623122e-05 9.269234593450618e-06 0.0024836460645141847
9.399999999999988 4.649189039310147e+16 6.037583949948527e+17 2.680448702706815e+18 1.0368605756176327e+19 6.12949512356261e+18 9.534380451287435e+18 4.0600714576590694e+18 1.8931290223597556e+19 0.002422088214360685 2.4648890458969952e-05 8.024203505384497e-06 0.0024547613083250397
9.499999999999988 2.2033654545781052e+16 4.4478701203748397e+17 2.1590642757066e+18 8.26296040757234e+18 4.910696046557869e+18 7.623500505637721e+18 3.2665678780350167e+18 1.5511332843241335e+19 0.002177733768100909 1.564852617884987e-05 5.098633621989194e-06 0.002198480927901748
9.599999999999987 9700273691317246.0 3.3471282366612634e+17 1.7268392251109765e+18 6.483060019767246e+18 3.872228645287891e+18 6.006505479840223e+18 2.5952703155441244e+18 1.2708692709010158e+19 0.002536593108078475 1.72638471641219e-05 5.623469015104472e-06 0.0025594804242577017
9.699999999999987 4113613095163256.5 2.509469965601053e+17 1.2669911929056133e+18 4.4792701109848376e+18 2.76398007387167e+18 4.170584517672702e+18 1.8718077235514222e+18 8.328394748237362e+18 0.0014962387298851395 3.132127918547341e-06 1.0244522206773e-06 0.001500395310024364
9.799999999999986 3624216023740562.0 1.7994661825038243e+17 1.0313077984425455e+18 3.6107061545715983e+18 2.219709973087106e+18 3.3872809734358185e+18 1.517613391137574e+18 7.724552450361043e+18 0.0024980152059305154 8.962553583402886e-06 2.921107307421754e-06 0.00250989886682134
9.899999999999986 3623727706039692.0 1.7987259143139763e+17 1.031062884701295e+18 3.609804957190277e+18 2.2191445935453176e+18 3.3864683691650657e+18 1.517245469837758e+18 7.723939302271497e+18 0.0024991569852553753 8.969557796286865e-06 2.923377611530989e-06 0.0025110499206631933
9.999999999999986 3623727706039692.0 1.7987259143139763e+17 1.031062884701295e+18 3.609804957190277e+18 2.2191445935453176e+18 3.3864683691650657e+18 1.517245469837758e+18 7.723939302271497e+18 0.0024991569852553753 8.969557796286865e-06 2.923377611530989e-06 0.0025110499206631933
