fesc FAKE.FAKE.1500 FAKE.FAKE.2500 FAKE.FAKE.BBa FAKE.FAKE.BBb FAKE.FAKE.D4000a FAKE.FAKE.D4000b FAKE.FAKE.U FAKE.FAKE.V Hbeta_EW OIIIr_EW OIIIb_EW OIIIHbeta_EW
0.0 1.0595305376227863e+21 8.300003415950658e+20 7.702508686044291e+20 9.860923108708138e+20 1.105951555442795e+21 1.0513695391572636e+21 9.18727978154256e+20 8.693655225252922e+20 106.58660029148692 337.76506193567457 105.30841597204594 549.6600781992074
0.01 1.0582768742054249e+21 8.284738112082869e+20 7.681113895659633e+20 9.852404418902886e+20 1.1033514974698009e+21 1.049728644719159e+21 9.162283119504357e+20 8.682716432509896e+20 105.63975849630074 334.74519047028593 104.36071661543166 544.7456655820183
0.02 1.0570232107880633e+21 8.269472808215077e+20 7.659719105274975e+20 9.843885729097633e+20 1.1007514394968072e+21 1.0480877502810544e+21 9.137286457466153e+20 8.671777639766871e+20 104.69077827101829 331.71884983597363 103.41109938726837 539.8207274942603
0.03 1.055769547370702e+21 8.25420750434729e+20 7.638324314890317e+20 9.835367039292382e+20 1.0981513815238131e+21 1.0464468558429498e+21 9.112289795427948e+20 8.660838847023847e+20 103.73965236302406 328.68601922306726 102.45955845982671 534.8852300459181
0.04 1.0545158839533404e+21 8.238942200479499e+20 7.616929524505658e+20 9.826848349487129e+20 1.0955513235508194e+21 1.0448059614048451e+21 9.087293133389747e+20 8.649900054280822e+20 102.78637348686848 325.6466777325475 101.50608798174223 529.9391392011582
0.05 1.0532622205359788e+21 8.22367689661171e+20 7.595534734121003e+20 9.818329659681875e+20 1.0929512655778253e+21 1.0431650669667406e+21 9.062296471351541e+20 8.638961261537797e+20 101.83093432408188 322.6008043755673 100.55068207789539 524.9824207775446
0.06 1.0520085571186176e+21 8.20841159274392e+20 7.574139943736342e+20 9.809810969876625e+20 1.0903512076048315e+21 1.0415241725286359e+21 9.037299809313338e+20 8.628022468794771e+20 100.87332752298731 319.54837807296747 99.59333484929091 520.0150404452456
0.07 1.050754893701256e+21 8.19314628887613e+20 7.552745153351684e+20 9.801292280071372e+20 1.0877511496318377e+21 1.0398832780905314e+21 9.012303147275134e+20 8.617083676051746e+20 99.91354569851195 316.48937765479144 98.63404037293634 515.0369637262397
0.08 1.0495012302838946e+21 8.177880985008341e+20 7.531350362967026e+20 9.792773590266118e+20 1.0851510916588439e+21 1.0382423836524267e+21 8.987306485236931e+20 8.606144883308723e+20 98.9515814319971 313.4237818597951 97.67279270171998 510.0481559935122
0.09 1.0482475668665332e+21 8.16261568114055e+20 7.509955572582367e+20 9.784254900460867e+20 1.08255103368585e+21 1.0366014892143224e+21 8.962309823198728e+20 8.595206090565697e+20 97.98742727100733 310.3515693349547 96.70958586428777 505.0485824702498
0.1 1.0469939034491716e+21 8.147350377272761e+20 7.488560782197709e+20 9.775736210655613e+20 1.0799509757128561e+21 1.0349605947762177e+21 8.937313161160524e+20 8.584267297822672e+20 97.02107572913782 307.2727186349709 95.74441386492002 500.0382082290287
0.11 1.0457402400318103e+21 8.132085073404972e+20 7.467165991813052e+20 9.767217520850361e+20 1.0773509177398622e+21 1.0333197003381131e+21 8.912316499122321e+20 8.573328505079649e+20 96.05251928582057 304.1872082217697 94.77727068340661 495.01699819099684
0.12 1.0444865766144487e+21 8.116819769537183e+20 7.445771201428393e+20 9.758698831045109e+20 1.0747508597668683e+21 1.0316788059000085e+21 8.887319837084118e+20 8.562389712336623e+20 95.0817503861295 301.09501646400037 93.80815027492204 489.98491712505194
0.13 1.043232913197087e+21 8.101554465669393e+20 7.424376411043734e+20 9.750180141239856e+20 1.0721508017938743e+21 1.030037911461904e+21 8.862323175045912e+20 8.551450919593598e+20 94.10876144058378 297.9961216365296 92.83704656989953 484.9419296470129
0.14 1.0419792497797257e+21 8.086289161801602e+20 7.402981620659076e+20 9.741661451434603e+20 1.0695507438208804e+21 1.0283970170237992e+21 8.83732651300771e+20 8.540512126850573e+20 93.13354482495025 294.8905019199335 91.86395347390406 479.88800021878785
0.15 1.0407255863623643e+21 8.071023857933814e+20 7.381586830274417e+20 9.733142761629352e+20 1.0669506858478866e+21 1.026756122585695e+21 8.812329850969505e+20 8.529573334107547e+20 92.15609288004413 291.7781353999844 90.88886486750516 474.8230931475337
0.16 1.0394719229450028e+21 8.055758554066024e+20 7.360192039889759e+20 9.724624071824099e+20 1.0643506278748928e+21 1.0251152281475902e+21 8.787333188931302e+20 8.518634541364523e+20 91.17639791152864 288.6590000671364 89.91177460614848 469.7471725848135
0.17 1.0382182595276415e+21 8.040493250198235e+20 7.338797249505101e+20 9.716105382018847e+20 1.061750569901899e+21 1.0234743337094857e+21 8.762336526893099e+20 8.507695748621498e+20 90.19445218971292 285.5330738160058 88.93267652002677 464.6602025257455
0.18 1.0369645961102798e+21 8.025227946330446e+20 7.317402459120442e+20 9.707586692213595e+20 1.0591505119289049e+21 1.0218334392713811e+21 8.737339864854895e+20 8.496756955878472e+20 89.21024794934894 282.40033444484936 87.95156441394998 459.5621468081483
0.19 1.0357109326929183e+21 8.009962642462655e+20 7.296007668735786e+20 9.699068002408341e+20 1.0565504539559111e+21 1.0201925448332765e+21 8.712343202816692e+20 8.48581816313545e+20 88.22377738942664 279.2607596550387 86.96843206721461 454.45296911168
0.2 1.034457269275557e+21 7.994697338594866e+20 7.274612878351126e+20 9.690549312603088e+20 1.0539503959829174e+21 1.0185516503951718e+21 8.687346540778486e+20 8.474879370392425e+20 87.235032672968 276.1143270505307 85.98327323347225 449.3326329569709
0.21 1.0332036058581953e+21 7.979432034727077e+20 7.253218087966469e+20 9.682030622797834e+20 1.0513503380099235e+21 1.0169107559570672e+21 8.662349878740285e+20 8.4639405776494e+20 86.24400592681933 272.96101413733567 84.99608164059728 444.2011017047523
0.22 1.0319499424408338e+21 7.964166730859288e+20 7.23182329758181e+20 9.673511932992583e+20 1.0487502800369298e+21 1.0152698615189626e+21 8.637353216702082e+20 8.453001784906375e+20 85.25068924144232 269.8007983229806 84.00685099055379 439.05833855497673
0.23 1.0306962790234725e+21 7.948901426991497e+20 7.210428507197152e+20 9.66499324318733e+20 1.0461502220639357e+21 1.0136289670808582e+21 8.612356554663878e+20 8.442062992163348e+20 84.25507467070376 266.63365691597033 83.0155749592616 433.9043065459357
0.24 1.029442615606111e+21 7.933636123123708e+20 7.189033716812494e+20 9.656474553382078e+20 1.0435501640909419e+21 1.0119880726427536e+21 8.587359892625673e+20 8.431124199420323e+20 83.2571542316635 263.459567125244 82.02224719646152 428.73896855336903
0.25 1.0281889521887493e+21 7.918370819255919e+20 7.167638926427836e+20 9.647955863576826e+20 1.0409501061179479e+21 1.0103471782046491e+21 8.56236323058747e+20 8.420185406677301e+20 82.25691990436115 260.2785060596281 81.02686132557972 423.562287289569
0.26 1.0269352887713881e+21 7.903105515388128e+20 7.146244136043178e+20 9.639437173771574e+20 1.0383500481449541e+21 1.0087062837665445e+21 8.537366568549266e+20 8.409246613934277e+20 81.25436363160122 257.0904507272869 80.02941094359132 418.37422530247943
0.27 1.0256816253540266e+21 7.887840211520339e+20 7.124849345658518e+20 9.63091848396632e+20 1.0357499901719603e+21 1.0070653893284398e+21 8.512369906511063e+20 8.39830782119125e+20 80.24947731873677 253.89537803516785 79.02988962088311 413.1747449747877
0.28 1.0244279619366651e+21 7.872574907652549e+20 7.10345455527386e+20 9.62239979416107e+20 1.0331499321989662e+21 1.0054244948903352e+21 8.487373244472859e+20 8.387369028448226e+20 79.24225283345157 250.6932647884445 78.02829090111535 407.96380852301144
0.29 1.0231742985193036e+21 7.85730960378476e+20 7.082059764889202e+20 9.613881104355816e+20 1.0305498742259724e+21 1.0037836004522307e+21 8.462376582434655e+20 8.3764302357052e+20 78.23268200554072 247.48408768995463 77.02460830108275 402.7413779965781
0.3 1.0219206351019423e+21 7.842044299916972e+20 7.060664974504544e+20 9.605362414550562e+20 1.0279498162529784e+21 1.0021427060141261e+21 8.437379920396452e+20 8.365491442962176e+20 77.22075662668978 244.26782333963604 76.01883531057464 397.5074152769005
0.31 1.0206669716845808e+21 7.82677899604918e+20 7.039270184119885e+20 9.596843724745309e+20 1.0253497582799847e+21 1.0005018115760216e+21 8.412383258358248e+20 8.354552650219152e+20 76.20646845025213 241.04444823395687 75.01096539223413 392.26188207644316
0.32 1.0194133082672193e+21 7.811513692181391e+20 7.017875393735227e+20 9.588325034940058e+20 1.0227497003069907e+21 9.98860917137917e+20 8.387386596320043e+20 8.343613857476127e+20 75.18980919102528 237.81393876534386 74.00099198141659 387.00473993778576
0.33 1.0181596448498576e+21 7.7962483883136e+20 6.996480603350569e+20 9.579806345134805e+20 1.0201496423339968e+21 9.972200226998125e+20 8.362389934281842e+20 8.332675064733101e+20 74.17077052502484 234.57627122160565 72.98890848604702 381.7359502326775
0.34 1.0169059814324964e+21 7.780983084445811e+20 6.97508581296591e+20 9.571287655329552e+20 1.017549584361003e+21 9.955791282617078e+20 8.337393272243636e+20 8.321736271990076e+20 73.14934408925781 231.3314217853527 71.97470828647667 376.4554741610871
0.35000000000000003 1.0156523180151348e+21 7.765717780578022e+20 6.953691022581251e+20 9.562768965524301e+20 1.0149495263880092e+21 9.939382338236033e+20 8.312396610205433e+20 8.310797479247051e+20 72.1255214814934 228.079366533413 70.95838473533868 371.163272750245
0.36 1.0143986545977735e+21 7.750452476710232e+20 6.932296232196593e+20 9.554250275719048e+20 1.0123494684150154e+21 9.922973393854987e+20 8.287399948167232e+20 8.299858686504025e+20 71.09929426003296 224.8200814362448 69.9399311574029 365.85930685368066
0.37 1.0131449911804119e+21 7.735187172842444e+20 6.910901441811935e+20 9.545731585913794e+20 1.0097494104420214e+21 9.906564449473943e+20 8.262403286129026e+20 8.288919893761002e+20 70.07065394347767 221.55354235734393 68.91934084942973 360.5435371502513
0.38 1.0118913277630503e+21 7.719921868974655e+20 6.889506651427279e+20 9.537212896108541e+20 1.0071493524690275e+21 9.890155505092894e+20 8.237406624090823e+20 8.277981101017976e+20 69.0395920104951 218.27972505264862 67.89660708002306 355.2159241431668
0.39 1.0106376643456889e+21 7.704656565106864e+20 6.86811186104262e+20 9.52869420630329e+20 1.0045492944960337e+21 9.87374656071185e+20 8.212409962052619e+20 8.267042308274951e+20 68.00609989958393 214.9986051699393 66.87172308948222 349.87642815900546
0.4 1.0093840009283275e+21 7.689391261239075e+20 6.846717070657961e+20 9.520175516498037e+20 1.0019492365230396e+21 9.857337616330802e+20 8.187413300014416e+20 8.256103515531927e+20 66.97016900883672 211.71015824823513 65.84468208965318 344.525009346725
0.41000000000000003 1.008130337510966e+21 7.674125957371286e+20 6.825322280273303e+20 9.511656826692783e+20 9.993491785500458e+20 9.840928671949757e+20 8.162416637976213e+20 8.245164722788903e+20 65.93179069570154 208.41435971718596 64.8154772637785 339.161627676666
0.42 1.0068766740936047e+21 7.658860653503494e+20 6.803927489888644e+20 9.503138136887533e+20 9.96749120577052e+20 9.82451972756871e+20 8.137419975938009e+20 8.234225930045877e+20 64.89095627674145 205.11118489646026 63.78410176634675 333.78624293954846
0.43 1.005623010676243e+21 7.643595349635706e+20 6.782532699503987e+20 9.494619447082279e+20 9.941490626040581e+20 9.808110783187667e+20 8.112423313899804e+20 8.223287137302852e+20 63.84765702739257 201.80060899512927 62.750548722940465 328.3988147454623
0.44 1.0043693472588817e+21 7.628330045767917e+20 6.761137909119328e+20 9.486100757277027e+20 9.915490046310643e+20 9.79170183880662e+20 8.087426651861601e+20 8.212348344559828e+20 62.80188418172017 198.48260711104666 61.71481123008364 322.9993025228505
0.45 1.00311568384152e+21 7.613064741900127e+20 6.739743118734671e+20 9.477582067471775e+20 9.889489466580705e+20 9.775292894425574e+20 8.062429989823399e+20 8.201409551816803e+20 61.75362893217331 195.1571542302243 60.67688235508791 317.5876655174855
0.46 1.0018620204241585e+21 7.597799438032338e+20 6.718348328350012e+20 9.469063377666522e+20 9.863488886850765e+20 9.758883950044529e+20 8.037433327785193e+20 8.190470759073778e+20 60.70288242933745 191.82422522620348 59.63675513589789 312.1638627914388
0.47000000000000003 1.0006083570067972e+21 7.582534134164548e+20 6.696953537965353e+20 9.46054468786127e+20 9.837488307120827e+20 9.742475005663482e+20 8.012436665746991e+20 8.179531966330754e+20 59.649635781685525 188.4837948594223 58.59442258093553 306.72785322204334
0.48 9.993546935894357e+20 7.567268830296758e+20 6.675558747580696e+20 9.452025998056017e+20 9.811487727390889e+20 9.726066061282435e+20 7.987440003708787e+20 8.168593173587727e+20 58.59388005532703 185.1358377765782 57.54987766894347 301.2795955008487
0.49 9.981010301720742e+20 7.552003526428969e+20 6.654163957196035e+20 9.443507308250764e+20 9.78548714766095e+20 9.709657116901392e+20 7.962443341670584e+20 8.157654380844703e+20 57.535606273755555 181.78032850998696 56.503113348827306 295.81904813256983
0.5 9.968473667547126e+20 7.536738222561178e+20 6.632769166811378e+20 9.434988618445512e+20 9.75948656793101e+20 9.693248172520347e+20 7.93744667963238e+20 8.146715588101678e+20 56.47480541759428 178.41724147693657 55.454122539497035 290.3461694340279
0.51 9.955937033373513e+20 7.521472918693389e+20 6.61137437642672e+20 9.42646992864026e+20 9.73348598820107e+20 9.6768392281393e+20 7.912450017594176e+20 8.135776795358652e+20 55.41146842433977 175.0465509790373 54.40289812970736 284.86091753308443
0.52 9.943400399199897e+20 7.5062076148256e+20 6.589979586042062e+20 9.417951238835006e+20 9.707485408471132e+20 9.660430283758254e+20 7.887453355555973e+20 8.124838002615627e+20 54.34558618810387 171.66823120156704 53.34943297789686 279.3632503675678
0.53 9.93086376502628e+20 7.49094231095781e+20 6.568584795657404e+20 9.409432549029754e+20 9.681484828741194e+20 9.644021339377208e+20 7.862456693517768e+20 8.113899209872603e+20 53.27714955935385 168.28225621281223 52.293719912026525 273.8531256841926
0.54 9.918327130852668e+20 7.47567700709002e+20 6.547190005272746e+20 9.400913859224501e+20 9.655484249011256e+20 9.627612394996162e+20 7.837460031479564e+20 8.102960417129577e+20 52.20614934465053 164.8885999634045 51.23575172941674 268.3305010374718
0.55 9.905790496679053e+20 7.460411703222231e+20 6.525795214888088e+20 9.39239516941925e+20 9.629483669281317e+20 9.611203450615115e+20 7.81246336944136e+20 8.092021624386553e+20 51.13257630638466 161.48723628565256 50.17552119658365 262.79533378862084
0.56 9.893253862505438e+20 7.445146399354442e+20 6.504400424503429e+20 9.383876479613997e+20 9.603483089551377e+20 9.594794506234069e+20 7.787466707403158e+20 8.081082831643528e+20 50.05642116251122 158.07813889286967 49.113021049074206 257.2475811044551
0.5700000000000001 9.880717228331825e+20 7.429881095486652e+20 6.48300563411877e+20 9.375357789808743e+20 9.577482509821439e+20 9.578385561853023e+20 7.762470045364954e+20 8.070144038900504e+20 48.977674586282085 154.66128137869626 48.04824399130033 251.68719995627868
0.58 9.86818059415821e+20 7.414615791618864e+20 6.461610843734113e+20 9.366839100003492e+20 9.551481930091501e+20 9.56197661747198e+20 7.737473383326751e+20 8.059205246157479e+20 47.896327205976405 151.2366372164186 46.98118269637188 246.11414711876688
0.59 9.855643959984595e+20 7.399350487751073e+20 6.440216053349452e+20 9.358320410198239e+20 9.52548135036156e+20 9.545567673090934e+20 7.712476721288548e+20 8.048266453414453e+20 46.81236960462931 147.80417975828163 45.911829805928555 240.5283791688395
0.6 9.84310732581098e+20 7.384085183883283e+20 6.418821262964794e+20 9.349801720392985e+20 9.499480770631622e+20 9.529158728709888e+20 7.687480059250343e+20 8.03732766067143e+20 45.72579231975853 144.36388223479855 44.840177929970885 234.92985248452797
0.61 9.830570691637366e+20 7.368819880015494e+20 6.397426472580138e+20 9.341283030587732e+20 9.473480190901683e+20 9.512749784328841e+20 7.66248339721214e+20 8.026388867928403e+20 44.63658584308907 140.91571775405427 43.76621964668985 229.3185232438332
0.62 9.818034057463751e+20 7.353554576147703e+20 6.37603168219548e+20 9.332764340782482e+20 9.447479611171745e+20 9.496340839947795e+20 7.637486735173937e+20 8.015450075185377e+20 43.54474062027579 137.45965930100513 42.689947502295624 223.69434742357652
0.63 9.805497423290135e+20 7.338289272279914e+20 6.35463689181082e+20 9.324245650977228e+20 9.421479031441807e+20 9.479931895566749e+20 7.612490073135732e+20 8.004511282442353e+20 42.450247050624114 133.99567973677324 41.6113540108451 218.05728079824246
0.64 9.792960789116521e+20 7.323023968412125e+20 6.333242101426164e+20 9.315726961171975e+20 9.395478451711868e+20 9.463522951185704e+20 7.58749341109753e+20 7.993572489699328e+20 41.35309548680862 130.5237517979361 40.530431654068394 212.4072789388131
0.65 9.780424154942907e+20 7.307758664544335e+20 6.311847311041504e+20 9.307208271366724e+20 9.369477871981928e+20 9.447114006804659e+20 7.562496749059325e+20 7.982633696956303e+20 40.25327623458952 127.04384809581123 39.44717288119405 206.7442972115948
0.66 9.767887520769291e+20 7.292493360676545e+20 6.290452520656846e+20 9.29868958156147e+20 9.34347729225199e+20 9.430705062423613e+20 7.537500087021121e+20 7.97169490421328e+20 39.150779552527254 123.55594111573625 38.36157010877328 201.0682907770368
0.67 9.755350886595675e+20 7.277228056808756e+20 6.269057730272187e+20 9.290170891756217e+20 9.317476712522052e+20 9.414296118042566e+20 7.512503424982917e+20 7.960756111470255e+20 38.04559565169472 120.06000321634355 37.27361572050304 195.37921458854132
0.68 9.742814252422062e+20 7.261962752940967e+20 6.24766293988753e+20 9.281652201950966e+20 9.291476132792111e+20 9.397887173661521e+20 7.487506762944715e+20 7.94981731872723e+20 36.937714695387754 116.5560066288299 36.183302067047826 189.6770233912655
0.6900000000000001 9.730277618248449e+20 7.246697449073178e+20 6.226268149502872e+20 9.273133512145713e+20 9.265475553062173e+20 9.381478229280476e+20 7.462510100906511e+20 7.938878525984204e+20 35.827126798833056 113.04392345622169 35.0906214658605 183.96167172091526
0.7000000000000001 9.717740984074832e+20 7.231432145205388e+20 6.204873359118213e+20 9.26461482234046e+20 9.239474973332235e+20 9.36506928489943e+20 7.437513438868308e+20 7.92793973324118e+20 34.71382202889447 109.52372567263403 33.99556620100176 178.23311390253025
0.71 9.705204349901217e+20 7.216166841337598e+20 6.183478568733555e+20 9.256096132535207e+20 9.213474393602296e+20 9.348660340518384e+20 7.412516776830104e+20 7.917000940498155e+20 33.5977904037766 105.99538512252578 32.89812852295855 172.49130404926092
0.72 9.692667715727604e+20 7.200901537469808e+20 6.162083778348897e+20 9.247577442729956e+20 9.187473813872358e+20 9.332251396137337e+20 7.387520114791901e+20 7.906062147755129e+20 32.479021892726614 102.45887351994841 31.79830064846128 166.7361960611363
0.73 9.68013108155399e+20 7.185636233602019e+20 6.14068898796424e+20 9.239058752924702e+20 9.161473234142419e+20 9.315842451756293e+20 7.362523452753697e+20 7.895123355012106e+20 31.357506415733745 98.91416244779057 30.69607476029977 160.9677436238241
0.74 9.667594447380374e+20 7.17037092973423e+20 6.119294197579581e+20 9.23054006311945e+20 9.135472654412479e+20 9.299433507375245e+20 7.337526790715494e+20 7.88418456226908e+20 30.23323384322647 95.3612233570167 29.59144300713811 155.18590020738128
0.75 9.655057813206758e+20 7.155105625866439e+20 6.097899407194923e+20 9.222021373314198e+20 9.109472074682541e+20 9.2830245629942e+20 7.31253012867729e+20 7.873245769526055e+20 29.10619399576761 91.80002756590056 28.48439750332818 149.39061906499637
0.76 9.642521179033145e+20 7.13984032199865e+20 6.076504616810265e+20 9.213502683508946e+20 9.083471494952603e+20 9.266615618613156e+20 7.287533466639086e+20 7.86230697678303e+20 27.97637664374707 88.2305462592536 27.37493032872202 143.58185323172268
0.77 9.629984544859529e+20 7.124575018130861e+20 6.055109826425605e+20 9.204983993703692e+20 9.057470915222662e+20 9.25020667423211e+20 7.262536804600882e+20 7.851368184040007e+20 26.843771507072336 84.65275048764757 26.263033528482975 137.7595555232029
0.78 9.617447910685917e+20 7.10930971426307e+20 6.033715036040947e+20 9.196465303898442e+20 9.031470335492725e+20 9.233797729851064e+20 7.237540142562678e+20 7.840429391296978e+20 25.708368254856715 81.06661116663204 25.14869911289552 131.92367853438427
0.79 9.6049112765123e+20 7.094044410395281e+20 6.012320245656289e+20 9.187946614093188e+20 9.005469755762786e+20 9.217388785470017e+20 7.212543480524475e+20 7.829490598553956e+20 24.57015650510519 77.47209907594623 24.031919057173983 126.0741746382254
0.8 9.592374642338685e+20 7.078779106527492e+20 5.99092545527163e+20 9.179427924287935e+20 8.979469176032847e+20 9.200979841088971e+20 7.187546818486272e+20 7.818551805810931e+20 23.429125824397993 73.86918485872539 22.912685301269782 120.21099598439318
0.81 9.57983800816507e+20 7.063513802659703e+20 5.969530664886972e+20 9.170909234482684e+20 8.953468596302909e+20 9.184570896707926e+20 7.162550156448068e+20 7.807613013067905e+20 22.28526572757182 70.25783902070157 21.790989749677646 114.33409449795104
0.8200000000000001 9.567301373991457e+20 7.048248498791911e+20 5.948135874502314e+20 9.16239054467743e+20 8.92746801657297e+20 9.168161952326878e+20 7.137553494409865e+20 7.79667422032488e+20 21.138565677398653 66.63803192939878 20.666824271240348 108.44342187803778
0.8300000000000001 9.55476473981784e+20 7.032983194924123e+20 5.926741084117656e+20 9.153871854872177e+20 8.90146743684303e+20 9.151753007945832e+20 7.11255683237166e+20 7.785735427581856e+20 19.98901508426218 63.00973381332257 19.540180698952256 102.538929596537
0.84 9.542228105644228e+20 7.017717891056333e+20 5.905346293732998e+20 9.145353165066926e+20 8.875466857113092e+20 9.135344063564789e+20 7.087560170333458e+20 7.774796634838831e+20 18.83660330583187 59.37291476114377 18.411050829761567 96.62056889673721
0.85 9.529691471470612e+20 7.002452587188545e+20 5.883951503348339e+20 9.136834475261673e+20 8.849466277383154e+20 9.118935119183744e+20 7.062563508295253e+20 7.763857842095805e+20 17.681319646734437 55.7275447208765 17.279426424371184 90.68829079198213
0.86 9.517154837296995e+20 6.987187283320755e+20 5.862556712963682e+20 9.12831578545642e+20 8.823465697653214e+20 9.102526174802697e+20 7.037566846257049e+20 7.752919049352781e+20 16.523153358223116 52.073593499050524 16.145299207038345 84.74204606431198
0.87 9.504618203123382e+20 6.971921979452966e+20 5.8411619225790225e+20 9.119797095651169e+20 8.797465117923275e+20 9.086117230421651e+20 7.012570184218847e+20 7.741980256609755e+20 15.362093637844195 48.4110307598775 15.008660865372855 78.78178526309455
0.88 9.492081568949768e+20 6.956656675585176e+20 5.8197671321943645e+20 9.111278405845915e+20 8.771464538193337e+20 9.069708286040605e+20 6.987573522180643e+20 7.731041463866731e+20 14.198129629101212 44.73982602441157 13.869503050134032 72.80745870364682
0.89 9.479544934776153e+20 6.941391371717386e+20 5.798372341809706e+20 9.102759716040662e+20 8.745463958463399e+20 9.053299341659558e+20 6.962576860142439e+20 7.720102671123707e+20 13.031250421116528 41.05994866970382 12.727817375026245 66.81901646584659
0.9 9.46700830060254e+20 6.926126067849595e+20 5.776977551425048e+20 9.09424102623541e+20 8.71946337873346e+20 9.036890397278512e+20 6.937580198104236e+20 7.70916387838068e+20 11.861445048290463 37.37136792795089 11.583595416493136 60.81640839273449
0.91 9.454471666428923e+20 6.910860763981806e+20 5.75558276104039e+20 9.085722336430155e+20 8.693462799003521e+20 9.020481452897468e+20 6.912583536066033e+20 7.698225085637657e+20 10.688702489957738 33.67405288563738 10.436828713510439 54.79958408910555
0.92 9.441935032255307e+20 6.895595460114017e+20 5.7341879706557324e+20 9.077203646624904e+20 8.667462219273583e+20 9.004072508516422e+20 6.887586874027829e+20 7.687286292894632e+20 9.513011670041436 29.967972482672273 9.287508767377433 48.76849292009114
0.93 9.429398398081694e+20 6.880330156246228e+20 5.712793180271073e+20 9.068684956819651e+20 8.641461639543644e+20 8.987663564135377e+20 6.862590211989625e+20 7.676347500151606e+20 8.334361456704267 26.253095511519227 8.135627041507004 42.72308400973049
0.9400000000000001 9.416861763908078e+20 6.865064852378438e+20 5.6913983898864144e+20 9.0601662670144e+20 8.615461059813705e+20 8.97125461975433e+20 6.83759354995142e+20 7.665408707408582e+20 7.152740661997263 22.529390616320487 6.981174961214265 36.66330623953201
0.9500000000000001 9.404325129734464e+20 6.849799548510648e+20 5.6700035995017563e+20 9.051647577209147e+20 8.589460480083765e+20 8.954845675373285e+20 6.812596887913216e+20 7.654469914665558e+20 5.968138041505767 18.796826292014806 5.8241439135038195 30.58910824702439
0.96 9.39178849556085e+20 6.834534244642858e+20 5.648608809117099e+20 9.043128887403895e+20 8.563459900353826e+20 8.938436730992241e+20 6.787600225875014e+20 7.643531121922532e+20 4.780542293992766 15.055370883448889 4.664525246855552 24.500438424297208
0.97 9.379251861387235e+20 6.819268940775069e+20 5.6272140187324396e+20 9.034610197598643e+20 8.537459320623888e+20 8.922027786611192e+20 6.76260356383681e+20 7.632592329179507e+20 3.5899420610394586 11.30499258448236 3.502310271008955 18.397244916530774
0.98 9.366715227213622e+20 6.80400363690728e+20 5.6058192283477816e+20 9.02609150779339e+20 8.51145874089395e+20 8.905618842230147e+20 6.737606901798607e+20 7.621653536436482e+20 2.3963259266832146 7.545659437086741 2.337490256746111 12.279475620516067
0.99 9.354178593040007e+20 6.788738333039489e+20 5.584424437963124e+20 9.017572817988136e+20 8.485458161164011e+20 8.889209897849102e+20 6.712610239760402e+20 7.610714743693457e+20 1.1996824170526532 3.7773393304375373 1.170056435673103 6.147078183163293
