log10_duration FAKE.FAKE.1500 FAKE.FAKE.2500 FAKE.FAKE.BBa FAKE.FAKE.BBb FAKE.FAKE.D4000a FAKE.FAKE.D4000b FAKE.FAKE.U FAKE.FAKE.V Hbeta_EW OIIIr_EW OIIIb_EW OIIIHbeta_EW
6.0 9.348735981154105e+21 7.527516412197224e+21 7.318323642094731e+21 4.3063477535874367e+21 7.999424659691043e+21 5.68416954741834e+21 8.567797486405506e+21 3.6947423829094123e+21 399.7965721231991 2547.498299540125 811.4641776229101 3758.759049286234
6.1 9.5619753931286e+21 7.728055983642663e+21 7.449418586919858e+21 4.434670232268932e+21 8.082868398692388e+21 5.804643781105159e+21 8.683340688768496e+21 3.7768522629982863e+21 385.9574403262392 2410.990849670569 769.0778364742092 3566.026126471017
6.199999999999999 1.0035885694823285e+22 8.189870549209058e+21 7.744381419333924e+21 4.739372787059066e+21 8.279833661229289e+21 6.085603429827044e+21 8.943390184084391e+21 3.96972377336579e+21 354.41297653651236 2120.714442456906 678.9148917308681 3154.0423107242864
6.299999999999999 1.0591209415996003e+22 8.783236777912149e+21 8.103615336085632e+21 5.158198072123732e+21 8.539796848123107e+21 6.457240771884477e+21 9.259040264938869e+21 4.228863499922316e+21 313.07834371550234 1786.109368420146 572.2106992684699 2671.398411404118
6.399999999999999 1.094808358207666e+22 9.263783008393095e+21 8.368834806010516e+21 5.575270211528974e+21 8.768669116568951e+21 6.80249702218162e+21 9.467603908838954e+21 4.485561664369256e+21 272.06567442380805 1512.1227486856187 482.039227424602 2266.2276505340287
6.499999999999998 1.0802835766984502e+22 9.306567054852652e+21 8.314894966172552e+21 5.804395583758268e+21 8.767460417695205e+21 6.934126529655902e+21 9.354273949210058e+21 4.625430684695455e+21 239.04819716084842 1332.4038529927427 421.80675626845516 1993.2588064220463
6.599999999999998 1.0167339981725902e+22 8.84959102288956e+21 7.850679757817976e+21 5.682556555969341e+21 8.335358180113567e+21 6.688743622237685e+21 8.81082519484546e+21 4.511572890417582e+21 216.20311727710762 1207.5692897740553 380.55591534998047 1804.3283224011434
6.6999999999999975 9.242828358091726e+21 8.075257567807291e+21 7.102918645616451e+21 5.277336834293784e+21 7.562199629049247e+21 6.144121141790981e+21 7.955106913999899e+21 4.1920508394932855e+21 199.19793884218183 1099.9925875545453 346.2805769610688 1645.471103357796
6.799999999999997 8.184416121602738e+21 7.164259316186637e+21 6.245143458195064e+21 4.756950675443451e+21 6.671032103405324e+21 5.48300707689695e+21 6.983875248324309e+21 3.7994868378395675e+21 183.6720824856258 1000.9463605729987 315.07318161785867 1499.6916246764833
6.899999999999997 7.090787275209339e+21 6.22254628932301e+21 5.378796575888328e+21 4.1962137658368307e+21 5.773650410898413e+21 4.792114474184087e+21 6.010002765309849e+21 3.390904336693489e+21 169.54588507607338 918.5510540398902 288.7285990980721 1376.8255382140355
6.9999999999999964 6.030542928009949e+21 5.312660822519955e+21 4.561358630493672e+21 3.642556750409596e+21 4.924862485087008e+21 4.124143540118884e+21 5.095461181788618e+21 2.9907568896704155e+21 156.9122803997111 849.9429289600054 266.30835997055834 1273.1635693302749
7.099999999999996 5.048026738410557e+21 4.4687831160581406e+21 3.8207503077247004e+21 3.122589890312824e+21 4.149426206806785e+21 3.506777085256248e+21 4.2673003241575626e+21 2.603245444523072e+21 145.91835753142013 791.9887346986249 246.8928931660267 1184.7999853960716
7.199999999999996 4.1742329328507295e+21 3.718150665939829e+21 3.174689871884883e+21 2.6650593056242973e+21 3.4734508027488423e+21 2.96754224731791e+21 3.5459441464823445e+21 2.2468973800482828e+21 135.49923796473823 736.1586378229184 228.09722877871872 1099.7551045663754
7.299999999999995 3.416669293132336e+21 3.0662839063432984e+21 2.624379939242405e+21 2.283908763885173e+21 2.908437786831567e+21 2.5189333391798205e+21 2.936737548511396e+21 1.9388897205866906e+21 124.62995462687124 675.4094666792237 208.1494995318992 1008.1889208379941
7.399999999999995 2.772589541110337e+21 2.508521828720742e+21 2.1581016598403057e+21 1.960736698864913e+21 2.433385446317193e+21 2.1408849653126768e+21 2.4236000602652515e+21 1.6721914044904636e+21 113.76720405674156 612.7696393010115 188.03127090192635 914.5681142596793
7.499999999999995 2.2323834085955865e+21 2.0370281344816655e+21 1.76497617234558e+21 1.6817802059909942e+21 2.0305975806323188e+21 1.817606163828487e+21 1.9914498979371937e+21 1.437799637903111e+21 103.28611359460028 551.4085146817368 168.6440851175766 823.3387133939136
7.599999999999994 1.7813799630712167e+21 1.6407798485433975e+21 1.435717933607194e+21 1.4435850737327598e+21 1.691283105546173e+21 1.5437277286896412e+21 1.6298690500239918e+21 1.2387629129653244e+21 92.87474432810782 489.648976681293 149.44576195797498 731.9694829673757
7.699999999999994 1.4060770167324163e+21 1.3088216832827243e+21 1.1602728612976806e+21 1.2372354489139709e+21 1.402824709731519e+21 1.308795820964326e+21 1.3265929095392636e+21 1.067478411615791e+21 82.704647499896 428.9363264839958 130.79847111342116 642.439445097313
7.799999999999994 1.0941490695061259e+21 1.0307765073716339e+21 9.292365889584882e+20 1.0546715890586106e+21 1.1546321283749831e+21 1.1035955734077546e+21 1.0706564261132223e+21 9.190136046664982e+20 72.76439314488687 370.1049713570027 112.87505223050873 555.7444167323983
7.899999999999993 8.367228454408722e+20 7.994164791333729e+20 7.361150108131801e+20 8.916949173986259e+20 9.408472135696287e+20 9.230340526041918e+20 8.5497912045914e+20 7.879941435061017e+20 63.03568415787526 314.01451204143547 95.86864099854793 472.9188371978587
7.999999999999993 6.267720651658482e+20 6.09257182672388e+20 5.760487643346939e+20 7.47024922698293e+20 7.585150447890996e+20 7.650882847405265e+20 6.748744140931114e+20 6.719795948728967e+20 53.57910995823933 261.0418387576605 79.82570792363998 394.4466566395398
8.099999999999993 4.562213986718511e+20 4.530450589905011e+20 4.4251875674350145e+20 6.182463485612914e+20 6.024828912493868e+20 6.265235929068683e+20 5.2387617872695676e+20 5.714219527454912e+20 44.459062129385025 211.0942483569526 64.69584716766644 320.249157654004
8.199999999999992 3.197816356255922e+20 3.264976804539945e+20 3.3208308211776147e+20 5.053197350800703e+20 4.716891160508475e+20 5.065422625646404e+20 3.988893277140641e+20 4.7857337616824055e+20 35.859822008750534 165.12194955484958 50.78633750826046 251.76810907186058
8.299999999999992 2.1332315835405867e+20 2.2598476091178847e+20 2.4223996559200816e+20 4.085396329641547e+20 3.633878600354844e+20 4.048262691596263e+20 2.970046680653581e+20 3.961000201656022e+20 27.566588563688363 122.24038510011266 37.81237999011476 187.61935365391577
8.399999999999991 1.330575894373094e+20 1.4810261290430903e+20 1.7025000813085596e+20 3.251996940883794e+20 2.731462276817725e+20 3.183342672654435e+20 2.1460949483726855e+20 3.262938230269217e+20 19.74859451177693 83.78098955382154 26.099602487477664 129.62918655307612
8.499999999999991 7.637605864208744e+19 9.15485605909668e+19 1.1558766468533125e+20 2.555020467406127e+20 2.0166960517169594e+20 2.468540318719534e+20 1.5126434692678638e+20 2.6149747051563457e+20 13.012569993209107 52.40591754569425 16.463675165431244 81.8821627043346
8.59999999999999 3.913099713313358e+19 5.277753037336569e+19 7.604655386893174e+19 1.978113918029192e+20 1.4500854351028222e+20 1.885768373941418e+20 1.039286943041818e+20 2.1203852554771838e+20 7.4345664686469615 28.323043907808703 8.955975879753678 44.71358625620935
8.69999999999999 1.7235790887739726e+19 2.8519458498345312e+19 4.9461753706995474e+19 1.5082267620039387e+20 1.0172078584104203e+20 1.4195562407562409e+20 7.037693531577886e+19 1.7366269103832075e+20 3.4917682260573346 12.582734465527091 3.9973861084865505 20.071888800070976
8.79999999999999 6.519278271959135e+18 1.5121396156665035e+19 3.3114204446460645e+19 1.1303897057204222e+20 7.0623139154239955e+19 1.0554306243649572e+20 4.818118262533275e+19 1.4688459557202366e+20 1.2588115906530293 4.311978944884706 1.3675434341030481 6.938333969640784
8.89999999999999 2.1538410855087532e+18 8.339167394668753e+18 2.339338967839656e+19 8.366263662871313e+19 4.981144730006211e+19 7.805201847393852e+19 3.412297734344779e+19 1.269770790662461e+20 0.3612810458572293 1.1242620894699833 0.35323188661124166 1.8387750219384542
8.99999999999999 6.215493880004612e+17 4.797145373387962e+18 1.7477614758408587e+19 6.120844985196613e+19 3.5896289931615515e+19 5.731047559480492e+19 2.5078188447278215e+19 9.840232270194511e+19 0.11835261806534347 0.26085886376799816 0.08210290258021304 0.46131438441355466
9.099999999999989 2.1676016484584243e+17 2.8831155554969027e+18 1.3544474702156265e+19 4.463190878015784e+19 2.623182969891092e+19 4.195191862443015e+19 1.8870832285699125e+19 6.852718898076703e+19 0.04436471357591973 0.053557678421237535 0.017081114942673347 0.11500350693983061
9.199999999999989 1.2180793258754429e+17 1.7461949216310863e+18 1.0288909789081401e+19 3.3008872766259163e+19 1.891031780951634e+19 3.1240328555480543e+19 1.4011434657907878e+19 5.767009375053719e+19 0.0447700514167007 0.04798589453333438 0.015150518341898058 0.10790646429193312
9.299999999999988 7.244463448759178e+16 1.0660091164096133e+18 7.593508349994349e+18 2.4007361803194413e+19 1.3373788622093079e+19 2.2836029725817872e+19 1.0150593817737218e+19 4.66808724829403e+19 0.06139047459841394 0.07680135111102772 0.024024584131693633 0.16221640984113528
9.399999999999988 2.99496849118456e+16 6.181572722199681e+17 5.466606896375955e+18 1.7482518194582831e+19 9.255456184408578e+18 1.6691218700097063e+19 7.215886138613771e+18 3.672830052719483e+19 0.06337152727390896 0.0738537546609586 0.02295502924330532 0.16018031117817289
9.499999999999988 1.3015265048440204e+16 3.7143193124702214e+17 3.8988855180048005e+18 1.2657812788621054e+19 6.396624398034714e+18 1.2116839583212335e+19 5.100253438187048e+18 2.8211885104963002e+19 0.055966349581896994 0.054035895904088006 0.01673091891777543 0.12673316440376042
9.599999999999987 6361586519475899.0 2.2275965975247725e+17 2.777740100664475e+18 9.246607821663347e+18 4.450683978255679e+18 8.876986340388155e+18 3.621621811978787e+18 2.1749631788572926e+19 0.06606542789983696 0.058759701287145 0.018182087497394868 0.14300721668437683
9.699999999999987 4045832756707989.0 1.3740605131989418e+17 2.0410935411204946e+18 6.954592284840283e+18 3.195889606774814e+18 6.693856194662614e+18 2.652821946743687e+18 1.7116267520688994e+19 0.07462334288652919 0.06006492022748336 0.018484250047083504 0.15317251316109606
9.799999999999986 2765352515381890.5 9.96316849362117e+16 1.618270705710953e+18 5.578993313581741e+18 2.5118813669040143e+18 5.376033669619833e+18 2.101580425133486e+18 1.385081892129182e+19 0.049992283148843665 0.020228487023809298 0.0062194931588936105 0.07644026333154658
9.899999999999986 2764020828286958.0 9.95924792465535e+16 1.6178309054789187e+18 5.577562022929164e+18 2.511170171267797e+18 5.374662439206449e+18 2.1010070869670513e+18 1.3847417720667345e+19 0.04996048582298621 0.02017694612372111 0.006203639334027104 0.07634107128073443
9.999999999999986 2764020828286958.0 9.95924792465535e+16 1.6178309054789187e+18 5.577562022929164e+18 2.511170171267797e+18 5.374662439206449e+18 2.1010070869670513e+18 1.3847417720667345e+19 0.04996048582298621 0.02017694612372111 0.006203639334027104 0.07634107128073443
