log10_duration FAKE.FAKE.1500 FAKE.FAKE.2500 FAKE.FAKE.BBa FAKE.FAKE.BBb FAKE.FAKE.D4000a FAKE.FAKE.D4000b FAKE.FAKE.U FAKE.FAKE.V Hbeta_EW OIIIr_EW OIIIb_EW OIIIHbeta_EW
6.0 1.9474666904920903e+21 2.5107678338201095e+21 2.1251665407208435e+21 2.0917514283060914e+21 2.2154736362015616e+21 2.106164098166825e+21 2.1755673914691847e+21 1.5834401247931387e+21 0.0 0.0 0.0 0.0
6.1 1.997527796012364e+21 2.598604932381637e+21 2.205370300500887e+21 2.1718459862428276e+21 2.3005679656096566e+21 2.1870072325495285e+21 2.2583920924712622e+21 1.6463941116716686e+21 0.0 0.0 0.0 0.0
6.199999999999999 2.109218822772745e+21 2.802656384431417e+21 2.394169780066803e+21 2.3629702523734747e+21 2.5030790723543876e+21 2.379859607480966e+21 2.4543131794128477e+21 1.7971218975934594e+21 0.0 0.0 0.0 0.0
6.299999999999999 2.2420875350879932e+21 3.0705245265084033e+21 2.6494289183498274e+21 2.628678759103896e+21 2.783570887517351e+21 2.647817134070529e+21 2.7216789513645153e+21 2.008036909813854e+21 0.0 0.0 0.0 0.0
6.399999999999999 2.333131587231761e+21 3.300501185428184e+21 2.8885567604815687e+21 2.8991525719161103e+21 3.063829630452414e+21 2.9200032319157174e+21 2.9773706888529025e+21 2.2304534569501726e+21 0.0 0.0 0.0 0.0
6.499999999999998 2.3145437227851404e+21 3.36050301361081e+21 2.990879884248025e+21 3.0654468321678186e+21 3.22404785270372e+21 3.085974533407661e+21 3.101021164167333e+21 2.387108781573109e+21 0.0 0.0 0.0 0.0
6.599999999999998 2.1900580462847732e+21 3.2294575111204965e+21 2.9091411160145456e+21 3.0369096146491073e+21 3.179259335459307e+21 3.055638229866722e+21 3.0325313819738657e+21 2.3923441210988414e+21 0.0 0.0 0.0 0.0
6.6999999999999975 2.004262101978785e+21 2.9792284416992566e+21 2.699699860164825e+21 2.8515939058012274e+21 2.974880349099064e+21 2.8681455716445507e+21 2.824514454843812e+21 2.2739157392672762e+21 0.0 0.0 0.0 0.0
6.799999999999997 1.7901516711603827e+21 2.676293440922718e+21 2.435867345112015e+21 2.601630986779239e+21 2.704594655153482e+21 2.615803492632896e+21 2.557694638696521e+21 2.1089578646467628e+21 0.0 0.0 0.0 0.0
6.899999999999997 1.5681813909972886e+21 2.357911998204823e+21 2.1552060460914904e+21 2.3261767177678886e+21 2.409949918628553e+21 2.337901171367952e+21 2.270774913056154e+21 1.9268981728563663e+21 0.0 0.0 0.0 0.0
6.9999999999999964 1.3528636589237446e+21 2.0471456698887192e+21 1.8800913119141469e+21 2.0509692352779237e+21 2.1165583988278142e+21 2.0601722346517808e+21 1.9871197542863043e+21 1.74089687757333e+21 0.0 0.0 0.0 0.0
7.099999999999996 1.1536043856933686e+21 1.7571985751222038e+21 1.623124243635495e+21 1.7908816724487042e+21 1.8388603076098093e+21 1.797482699210243e+21 1.7197775377015492e+21 1.5536005184835155e+21 0.0 0.0 0.0 0.0
7.199999999999996 9.77015901285969e+20 1.4990312886679422e+21 1.395045067227771e+21 1.5619082499256117e+21 1.593095745558443e+21 1.5658811582773928e+21 1.4822064981817376e+21 1.377730224695837e+21 0.0 0.0 0.0 0.0
7.299999999999995 8.246698124646082e+20 1.275193096273394e+21 1.1987067591902794e+21 1.3715535644121707e+21 1.3871041829403424e+21 1.372991860369586e+21 1.2798808356761287e+21 1.2245255634087248e+21 0.0 0.0 0.0 0.0
7.399999999999995 6.958862703456922e+20 1.0843056279800396e+21 1.0308919106771499e+21 1.2108830241290083e+21 1.2129082838360774e+21 1.2100929938250266e+21 1.1078794147683577e+21 1.0913384509169385e+21 0.0 0.0 0.0 0.0
7.499999999999995 5.886114494471306e+20 9.237950219161842e+20 8.885938523951298e+20 1.0731233864885191e+21 1.0639797301054049e+21 1.0704581873476408e+21 9.616881548545802e+20 9.739584945076345e+20 0.0 0.0 0.0 0.0
7.599999999999994 4.9984738285804906e+20 7.899580590520018e+20 7.69224928284798e+20 9.567216605941858e+20 9.381007169596376e+20 9.52471206529696e+20 8.387872228213872e+20 8.745966888913724e+20 0.0 0.0 0.0 0.0
7.699999999999994 4.26838724349335e+20 6.790757708515887e+20 6.695919017899877e+20 8.576245962559691e+20 8.311565281824705e+20 8.520686083874677e+20 7.355427711426201e+20 7.899482761894941e+20 0.0 0.0 0.0 0.0
7.799999999999994 3.6711472231757264e+20 5.8770354233775024e+20 5.867459972205188e+20 7.725426336170402e+20 7.400077440288691e+20 7.660022920727728e+20 6.48888881271111e+20 7.17844844964555e+20 0.0 0.0 0.0 0.0
7.899999999999993 3.18760211339647e+20 5.1320822799979086e+20 5.185133826623019e+20 6.996608847269335e+20 6.628923292118505e+20 6.924673924949036e+20 5.76768856796559e+20 6.563121811200383e+20 0.0 0.0 0.0 0.0
7.999999999999993 2.8020035036042058e+20 4.53459061411104e+20 4.6318480490549805e+20 6.38308710024861e+20 5.98950173437033e+20 6.307487991885794e+20 5.177664487115988e+20 6.042074043902574e+20 0.0 0.0 0.0 0.0
8.099999999999993 2.498813062490765e+20 4.061610545156884e+20 4.187545335772928e+20 5.8747632140517e+20 5.466566981194919e+20 5.797499853135453e+20 4.7004996294379916e+20 5.614986829933788e+20 0.0 0.0 0.0 0.0
8.199999999999992 2.266110376192102e+20 3.696242009343811e+20 3.839230363360058e+20 5.4665556898333924e+20 5.0526023021323964e+20 5.3887463185997254e+20 4.324998978983094e+20 5.263704885566695e+20 0.0 0.0 0.0 0.0
8.299999999999992 2.0941099180720138e+20 3.424464757221109e+20 3.576663504461059e+20 5.15301053868959e+20 4.737882865544712e+20 5.0751969082674414e+20 4.040994718913585e+20 4.9871884439270706e+20 0.0 0.0 0.0 0.0
8.399999999999991 1.9735456677193138e+20 3.23254923642542e+20 3.388763030709707e+20 4.924314572663216e+20 4.50957334449203e+20 4.8467726950474967e+20 3.836664124264308e+20 4.785899327115262e+20 0.0 0.0 0.0 0.0
8.499999999999991 1.8955964540439642e+20 3.107770449596897e+20 3.265081688186283e+20 4.77040646484678e+20 4.357435801842899e+20 4.6932221650654187e+20 3.7014624700751885e+20 4.647247652358352e+20 0.0 0.0 0.0 0.0
8.59999999999999 1.8505995149931105e+20 3.0354014316532826e+20 3.192628062390203e+20 4.6782901618405723e+20 4.2670774045576246e+20 4.6014226904220815e+20 3.6217977255452194e+20 4.5636195290651715e+20 0.0 0.0 0.0 0.0
8.69999999999999 1.8284127144319982e+20 2.999556820294579e+20 3.156431082838492e+20 4.631159213353651e+20 4.221163739126379e+20 4.554530728266636e+20 3.581714405843447e+20 4.5214209018118255e+20 0.0 0.0 0.0 0.0
8.79999999999999 1.8195843739801944e+20 2.985245663631538e+20 3.141880835762975e+20 4.611768658247637e+20 4.2024652702936446e+20 4.535276496549392e+20 3.565509920147261e+20 4.5040305428049245e+20 0.0 0.0 0.0 0.0
8.89999999999999 1.8169253348401847e+20 2.980921740609144e+20 3.137459654099235e+20 4.605745264834205e+20 4.196719117246162e+20 4.529310782277014e+20 3.560561585005935e+20 4.498698102590619e+20 0.0 0.0 0.0 0.0
8.99999999999999 1.8163631928150704e+20 2.980005511309365e+20 3.136518527389746e+20 4.60443992647908e+20 4.1954869036434384e+20 4.528020567954526e+20 3.5595046689656216e+20 4.49753059729456e+20 0.0 0.0 0.0 0.0
9.099999999999989 1.816286945440408e+20 2.979880981626888e+20 3.136390159810773e+20 4.604259169406668e+20 4.1953177555965654e+20 4.52784217761293e+20 3.559360085988126e+20 4.497364468210606e+20 0.0 0.0 0.0 0.0
9.199999999999989 1.816280993632464e+20 2.9798712465757136e+20 3.1363800912126096e+20 4.6042448343890566e+20 4.1953044271759124e+20 4.527828044938505e+20 3.559348720943229e+20 4.497351051647837e+20 0.0 0.0 0.0 0.0
9.299999999999988 1.8162807598617648e+20 2.979870863794092e+20 3.136379693930734e+20 4.604244264611361e+20 4.195303899506617e+20 4.5278274836820715e+20 3.5593482718032855e+20 4.4973505202982145e+20 0.0 0.0 0.0 0.0
9.399999999999988 1.8162807559592162e+20 2.979870857399552e+20 3.1363796872728655e+20 4.604244255004352e+20 4.1953038906427225e+20 4.5278274742238085e+20 3.5593482642674464e+20 4.4973505112772556e+20 0.0 0.0 0.0 0.0
9.499999999999988 1.816280755936853e+20 2.9798708573628904e+20 3.1363796872345924e+20 4.60424425494889e+20 4.195303890591681e+20 4.527827474169224e+20 3.5593482642240904e+20 4.497350511224833e+20 0.0 0.0 0.0 0.0
9.599999999999987 1.81628075593682e+20 2.979870857362836e+20 3.136379687234535e+20 4.604244254948806e+20 4.1953038905916044e+20 4.527827474169142e+20 3.5593482642240255e+20 4.497350511224754e+20 0.0 0.0 0.0 0.0
9.699999999999987 1.81628075593682e+20 2.979870857362836e+20 3.136379687234535e+20 4.604244254948806e+20 4.1953038905916044e+20 4.527827474169142e+20 3.5593482642240255e+20 4.497350511224754e+20 0.0 0.0 0.0 0.0
9.799999999999986 1.81628075593682e+20 2.979870857362836e+20 3.136379687234535e+20 4.604244254948806e+20 4.1953038905916044e+20 4.527827474169142e+20 3.5593482642240255e+20 4.497350511224754e+20 0.0 0.0 0.0 0.0
9.899999999999986 1.81628075593682e+20 2.979870857362836e+20 3.136379687234535e+20 4.604244254948806e+20 4.1953038905916044e+20 4.527827474169142e+20 3.5593482642240255e+20 4.497350511224754e+20 0.0 0.0 0.0 0.0
9.999999999999986 1.81628075593682e+20 2.979870857362836e+20 3.136379687234535e+20 4.604244254948806e+20 4.1953038905916044e+20 4.527827474169142e+20 3.5593482642240255e+20 4.497350511224754e+20 0.0 0.0 0.0 0.0
