log10_duration FAKE.FAKE.1500 FAKE.FAKE.2500 FAKE.FAKE.BBa FAKE.FAKE.BBb FAKE.FAKE.D4000a FAKE.FAKE.D4000b FAKE.FAKE.U FAKE.FAKE.V Hbeta_EW OIIIr_EW OIIIb_EW OIIIHbeta_EW
6.0 6.940158185511879e+21 4.6396742374241253e+21 3.31101403002763e+21 2.63367457999495e+21 3.4051200095474664e+21 2.884847554527289e+21 3.403598834164524e+21 1.9063929659757442e+21 114.88498237974795 438.45294574752717 141.08310968148214 694.4210378087573
6.1 7.02224529041878e+21 4.7017036918670576e+21 3.3578198767421306e+21 2.6680632014132504e+21 3.453331242276079e+21 2.924091135866689e+21 3.4517457474417784e+21 1.9326418343662227e+21 115.57774170365165 442.0203812250801 142.2161218251361 699.8142447538679
6.199999999999999 7.235016058793782e+21 4.866031231360588e+21 3.478997819075377e+21 2.761455625713816e+21 3.5762349667422233e+21 3.02737291741319e+21 3.57541814456297e+21 2.00204258511746e+21 115.75305596496092 443.53513496844664 142.72587871807943 702.014069651487
6.299999999999999 7.656408656554237e+21 5.228197923849868e+21 3.755933453435205e+21 3.060239892786661e+21 3.895174400898587e+21 3.333513943581322e+21 3.871396986619905e+21 2.2748815404072147e+21 105.70179480015352 402.4048161497468 129.20158693117705 637.3081978810774
6.399999999999999 8.126012928030421e+21 5.668077137704421e+21 4.1047538512980444e+21 3.5024182595194113e+21 4.3215601509997373e+21 3.77491692292239e+21 4.2529748938250697e+21 2.7745727564256914e+21 89.54797417685646 336.33415792773263 107.55281819875252 533.4349503033416
6.499999999999998 8.267553484902925e+21 5.862542041691537e+21 4.275934263687513e+21 3.786381069391662e+21 4.5635791816448294e+21 4.0476328868341555e+21 4.451541472215748e+21 3.114949654728902e+21 78.01548745792182 289.80614793323593 92.40127607018776 460.2229114613455
6.599999999999998 8.016863477161229e+21 5.778609813737857e+21 4.279467378037316e+21 4.064904987441903e+21 4.771985079007746e+21 4.302632074754568e+21 4.531567016644232e+21 3.3463394717815653e+21 66.45841010409757 243.732450897595 77.54340507261735 387.73426607430986
6.6999999999999975 7.501436168989897e+21 5.489605521931733e+21 4.1478045199965356e+21 4.332756914233786e+21 4.931091882096223e+21 4.537545235210794e+21 4.508836264421177e+21 3.578897750346816e+21 54.94143524889757 197.85657507390457 62.90798695483356 315.7059972776357
6.799999999999997 6.821343626998467e+21 5.038693074963288e+21 3.8590957420199705e+21 4.31402905161367e+21 4.792495439093991e+21 4.48422836772266e+21 4.273885839754304e+21 3.630665838664903e+21 46.93798265315377 165.98707410420917 52.772452031671236 265.69750878903415
6.899999999999997 6.080584959232003e+21 4.521466704713863e+21 3.4900709798545457e+21 4.0452928846539087e+21 4.4272879866430877e+21 4.1851736570635553e+21 3.9010548469595064e+21 3.463493212293408e+21 41.731537691952106 145.60052870220554 46.26148930384954 233.59355569800718
6.9999999999999964 5.346145454873689e+21 4.001040703089631e+21 3.106874676273755e+21 3.6848046540831373e+21 3.9948222781413225e+21 3.7992173413123595e+21 3.493314475304399e+21 3.171984700739897e+21 37.912722330462216 131.080004090734 41.60869265098327 210.6014190721795
7.099999999999996 4.645650604138664e+21 3.504817593268433e+21 2.7414679056188933e+21 3.3185714795554946e+21 3.569891149845625e+21 3.411304437164143e+21 3.099500900238318e+21 2.854342355995304e+21 34.664054362134046 119.13094143689716 37.763331172514306 191.5583269715455
7.199999999999996 4.0023155998023646e+21 3.0469418832574027e+21 2.401972903747089e+21 2.9569267610616516e+21 3.160925078142719e+21 3.03156166491943e+21 2.727918934844199e+21 2.529543604292606e+21 31.92785834664897 109.34256078221955 34.596497180299124 175.86691630916766
7.299999999999995 3.4259825770285986e+21 2.6300172114238316e+21 2.087502369698259e+21 2.602519007036621e+21 2.7669277751297153e+21 2.662142358863136e+21 2.3776873740983484e+21 2.2122769946305314e+21 29.73953163907784 101.61206450459542 32.07910102569795 163.43069716937123
7.399999999999995 2.9244469921783297e+21 2.260551000565254e+21 1.804549465014209e+21 2.2744030374590774e+21 2.4036623524026494e+21 2.3214601762454802e+21 2.0587544809709584e+21 1.924615922658335e+21 27.97641588318536 95.38429178569001 30.02703370583531 153.38774137471069
7.499999999999995 2.4984926657673927e+21 1.944073359099107e+21 1.5617737210407797e+21 1.9974787789386474e+21 2.095088612981748e+21 2.0339449458112683e+21 1.786143520299351e+21 1.686806071460445e+21 26.313964303049833 89.44713689212023 28.07242931711073 143.8335305122808
7.599999999999994 2.1405752660831235e+21 1.677739850635032e+21 1.358599435507803e+21 1.7715291035679733e+21 1.842231791285549e+21 1.7993221230518e+21 1.5602777604332194e+21 1.4949614587843665e+21 24.681585952594777 83.5486174677389 26.15563521235671 134.3858386326904
7.699999999999994 1.8416655352889745e+21 1.4537177396500011e+21 1.1870211371162568e+21 1.5798282167840208e+21 1.6284877263052776e+21 1.6006715199362284e+21 1.3696907450505592e+21 1.333537731828573e+21 23.22089392133948 78.20842836169511 24.438501831050246 125.86782411408484
7.799999999999994 1.5949204723675174e+21 1.26735566046379e+21 1.0435423263292517e+21 1.4188525848801824e+21 1.4493198352849167e+21 1.4341120143412468e+21 1.2103197343369215e+21 1.1993643971385856e+21 21.923055577820058 73.39813967210988 22.907084026319545 118.22827927624948
7.899999999999993 1.3941283529632989e+21 1.1147101915952944e+21 9.253738638734173e+20 1.2849116919226756e+21 1.3003115023195159e+21 1.2956947541309142e+21 1.0786091961948813e+21 1.0904118018835386e+21 20.778141436154193 69.09401561200964 21.546873371678043 111.41903041984187
7.999999999999993 1.232373577927436e+21 9.91057637563243e+20 8.29411851368485e+20 1.1753024693537673e+21 1.1779138051072545e+21 1.1824861158250675e+21 9.712054641692654e+20 1.0047707355962777e+21 19.768046501400654 65.24509822577774 20.339752880953007 105.3528976081314
8.099999999999993 1.1039185701166508e+21 8.922855166904163e+20 7.525856078802873e+20 1.0861151414810715e+21 1.078627194323572e+21 1.0905449496032855e+21 8.848010636474691e+20 9.357743486182755e+20 18.924749266666122 62.0311078720571 19.33911275273894 100.29496989146217
8.199999999999992 1.0045432471087276e+21 8.153099679378338e+20 6.923087276183317e+20 1.0132434129980529e+21 9.987310726217657e+20 1.0157639900009795e+21 8.162956514867961e+20 8.799796357074168e+20 18.275626936539553 59.57990854604522 18.579054153283938 96.4345896358687
8.299999999999992 9.305201388747303e+20 7.575812206320107e+20 6.468494551292872e+20 9.566244165493424e+20 9.374691140564919e+20 9.578877802408655e+20 7.642767470698508e+20 8.376187560508334e+20 17.790294690673267 57.76264644856091 18.017576989842773 93.57051812907694
8.399999999999991 8.783080499921602e+20 7.165744136714222e+20 6.142236358929712e+20 9.14638591214625e+20 8.928557499618926e+20 9.151399812251411e+20 7.267082086734468e+20 8.053023046791763e+20 17.47907047823273 56.59910766462196 17.659383499083038 91.73756164193773
8.499999999999991 8.443062227130861e+20 6.896767326683009e+20 5.925500196679364e+20 8.859336629932953e+20 8.628653189790437e+20 8.860118709316233e+20 7.016222563225673e+20 7.824190582186974e+20 17.30675376697152 55.94922423901323 17.460119983814973 90.71609798979974
8.59999999999999 8.24579235513377e+20 6.739721130747445e+20 5.797620278863004e+20 8.68651370406236e+20 8.450251400770627e+20 8.685165141034542e+20 6.867690146955568e+20 7.683090727042343e+20 17.22246862996738 55.62735726116201 17.361861361813162 90.21168725294255
8.69999999999999 8.148362542427655e+20 6.661786427080431e+20 5.733630171569481e+20 8.59856884087895e+20 8.360293628647806e+20 8.596296190285228e+20 6.793113112721321e+20 7.610060639749012e+20 17.187402617871598 55.49192251491419 17.320635629790747 89.99996076257653
8.79999999999999 8.109487898999395e+20 6.630571780005634e+20 5.7078339524906536e+20 8.56270965408082e+20 8.323831696511752e+20 8.560103765825871e+20 6.762977751470822e+20 7.580103571545369e+20 17.17536844346828 55.444769533564646 17.306316633998932 89.92645461103186
8.89999999999999 8.097751076401227e+20 6.621119372945736e+20 5.699975069146815e+20 8.551674622209726e+20 8.312663213698371e+20 8.548976525981458e+20 6.753774631943454e+20 7.57081842633382e+20 17.17228927227073 55.43247025773646 17.302586705376626 89.90734623538383
8.99999999999999 8.09526417246561e+20 6.61911196400878e+20 5.6983010146417403e+20 8.549312780001536e+20 8.310275718950059e+20 8.546596169890055e+20 6.751811367281198e+20 7.568842446231017e+20 17.17167987448112 55.43002332334149 17.3018443709072 89.9035475687298
9.099999999999989 8.094926087727854e+20 6.618838544711576e+20 5.6980725627733003e+20 8.548989636695487e+20 8.309948946652995e+20 8.546270644062594e+20 6.751543157824535e+20 7.568576872240763e+20 17.171596408829384 55.42968990833717 17.301742974300254 89.90302929146681
9.199999999999989 8.094899637705473e+20 6.618817109868161e+20 5.698054628878865e+20 8.548964154754407e+20 8.309923198396844e+20 8.546244997882447e+20 6.751522072777909e+20 7.568556339085657e+20 17.171589692121298 55.4296637552047 17.30173499233319 89.9029884396592
9.299999999999988 8.094898597276351e+20 6.618816264879288e+20 5.698053914901553e+20 8.548963119894896e+20 8.309922167846391e+20 8.546243958760011e+20 6.75152123108003e+20 7.568555465151038e+20 17.17158953097071 55.42966312071775 17.301734799525754 89.9029874512142
9.399999999999988 8.09489857989209e+20 6.61881625073498e+20 5.698053902899671e+20 8.548963102304397e+20 8.309922150460115e+20 8.546243941124974e+20 6.751521216906767e+20 7.568555450094643e+20 17.171589528970635 55.429663113061814 17.301734797200087 89.90298743923253
9.499999999999988 8.094898579792434e+20 6.618816250653779e+20 5.698053902830578e+20 8.548963102202418e+20 8.309922150359782e+20 8.54624394102284e+20 6.751521216825081e+20 7.56855545000694e+20 17.171589528961384 55.42966311302769 17.301734797189695 89.90298743917876
9.599999999999987 8.094898579792286e+20 6.618816250653657e+20 5.6980539028304744e+20 8.548963102202264e+20 8.309922150359631e+20 8.546243941022685e+20 6.751521216824957e+20 7.568555450006808e+20 17.171589528961373 55.42966311302763 17.301734797189685 89.90298743917869
9.699999999999987 8.094898579792286e+20 6.618816250653657e+20 5.6980539028304744e+20 8.548963102202264e+20 8.309922150359631e+20 8.546243941022685e+20 6.751521216824957e+20 7.568555450006808e+20 17.171589528961373 55.42966311302763 17.301734797189685 89.90298743917869
9.799999999999986 8.094898579792286e+20 6.618816250653657e+20 5.6980539028304744e+20 8.548963102202264e+20 8.309922150359631e+20 8.546243941022685e+20 6.751521216824957e+20 7.568555450006808e+20 17.171589528961373 55.42966311302763 17.301734797189685 89.90298743917869
9.899999999999986 8.094898579792286e+20 6.618816250653657e+20 5.6980539028304744e+20 8.548963102202264e+20 8.309922150359631e+20 8.546243941022685e+20 6.751521216824957e+20 7.568555450006808e+20 17.171589528961373 55.42966311302763 17.301734797189685 89.90298743917869
9.999999999999986 8.094898579792286e+20 6.618816250653657e+20 5.6980539028304744e+20 8.548963102202264e+20 8.309922150359631e+20 8.546243941022685e+20 6.751521216824957e+20 7.568555450006808e+20 17.171589528961373 55.42966311302763 17.301734797189685 89.90298743917869
