log10_duration FAKE.FAKE.1500 FAKE.FAKE.2500 FAKE.FAKE.BBa FAKE.FAKE.BBb FAKE.FAKE.D4000a FAKE.FAKE.D4000b FAKE.FAKE.U FAKE.FAKE.V Hbeta_EW OIIIr_EW OIIIb_EW OIIIHbeta_EW
6.0 1.5836058544472536e+21 1.9065808929114612e+21 1.7619942073156386e+21 1.5572211435949124e+21 1.9192920211290896e+21 1.6939701665266559e+21 1.8576042980747953e+21 1.2747596892531786e+21 114.88498237974795 438.4529457475271 141.08310968148217 694.4210378087572
6.1 1.602458840975591e+21 1.932092135274025e+21 1.7869030361727865e+21 1.5775542807033178e+21 1.9464664067216973e+21 1.7170088188114174e+21 1.8838870531747944e+21 1.2923188938208916e+21 115.57774170365164 442.0203812250801 142.21612182513607 699.8142447538678
6.199999999999999 1.6513000479902718e+21 1.999666758960468e+21 1.8513895377734696e+21 1.6327748589566404e+21 2.0157382601292264e+21 1.7776524159869353e+21 1.9513725561196792e+21 1.3387304254760873e+21 115.75305596496092 443.5351349684465 142.72587871807946 702.0140696514869
6.299999999999999 1.7479580407218318e+21 2.148670478199452e+21 1.9987683326165414e+21 1.8094417789593497e+21 2.1954944989852965e+21 1.9574887609652952e+21 2.1131340962202722e+21 1.5212840381385896e+21 105.70179480015352 402.40481614974675 129.20158693117705 637.3081978810773
6.399999999999999 1.8557669994697345e+21 2.3297261086034535e+21 2.184406643656029e+21 2.0708997320337774e+21 2.4358009837132165e+21 2.2168254095735684e+21 2.3218506097524524e+21 1.8558871633965574e+21 89.54797417685647 336.3341579277327 107.55281819875253 533.4349503033417
6.499999999999998 1.8885624241406492e+21 2.409906011853634e+21 2.2755106543620884e+21 2.238806634835563e+21 2.5722004904506326e+21 2.3770928435918364e+21 2.430674791258546e+21 2.0838314211692367e+21 78.01548745792184 289.80614793323593 92.40127607018776 460.2229114613455
6.599999999999998 1.8316811354836713e+21 2.37580765079942e+21 2.277411649447637e+21 2.403495870895575e+21 2.6896980685164097e+21 2.5269958049120156e+21 2.47584807071975e+21 2.238456457398469e+21 66.45841010409757 243.732450897595 77.54340507261733 387.73426607430986
6.6999999999999975 1.7141764811578184e+21 2.2574106893798424e+21 2.2073737477518438e+21 2.561879034297816e+21 2.7794242206295266e+21 2.6651360559218955e+21 2.4656409694694e+21 2.393835939431426e+21 54.941435248897584 197.85657507390457 62.90798695483357 315.7059972776357
6.799999999999997 1.5588154482100968e+21 2.0722206950484209e+21 2.05374829952588e+21 2.5508149554647254e+21 2.7013266194934687e+21 2.63394335187871e+21 2.3386127708201117e+21 2.428542936065731e+21 46.93798265315377 165.9870741042092 52.77245203167124 265.6975087890342
6.899999999999997 1.389487899286269e+21 1.859637062931231e+21 1.857368772716376e+21 2.391921144561024e+21 2.4954866694092557e+21 2.458356237271946e+21 2.1352498826268086e+21 2.31685383980052e+21 41.731537691952106 145.60052870220554 46.26148930384952 233.59355569800715
6.9999999999999964 1.2216363896669445e+21 1.6456960082779465e+21 1.6534427870854057e+21 2.178771580163047e+21 2.251736144580936e+21 2.2316926306884825e+21 1.9124340339061275e+21 2.12187541369366e+21 37.912722330462216 131.080004090734 41.60869265098327 210.6014190721795
7.099999999999996 1.0616146311055758e+21 1.4417169303695857e+21 1.4589833696924417e+21 1.9622235487877488e+21 2.012234519948623e+21 2.0038651165237867e+21 1.6971400392120465e+21 1.9093556905421457e+21 34.66405436213404 119.13094143689717 37.763331172514306 191.5583269715455
7.199999999999996 9.14663868873597e+20 1.253498790539491e+21 1.2783123067951694e+21 1.7483876293480683e+21 1.7817317723709624e+21 1.7808243379441028e+21 1.4938992854556916e+21 1.6920230677030618e+21 31.92785834664896 109.34256078221959 34.596497180299124 175.86691630916766
7.299999999999995 7.829984751576541e+20 1.0820807774767532e+21 1.1109571059069262e+21 1.538830775243705e+21 1.5596648815478602e+21 1.5638377129484356e+21 1.3022314987643137e+21 1.4797427538936946e+21 29.739531639077843 101.61206450459542 32.07910102569795 163.43069716937123
7.399999999999995 6.684043014087096e+20 9.301426748970882e+20 9.603742020447202e+20 1.3448202366126242e+21 1.3549213875376727e+21 1.36372614287125e+21 1.1276340406822201e+21 1.287294557545116e+21 27.97641588318536 95.38429178569004 30.027033705835315 153.3877413747107
7.499999999999995 5.710796573136502e+20 7.999853353071485e+20 8.31173213750728e+20 1.1810790189471375e+21 1.181006164633758e+21 1.1948443292595082e+21 9.784193568861783e+20 1.1282121882337753e+21 26.313964303049836 89.44713689212023 28.072429317110732 143.8335305122808
7.599999999999994 4.8931080725151397e+20 6.90452291457547e+20 7.230477659656213e+20 1.0474784949855648e+21 1.0384941167722643e+21 1.0570310042999424e+21 8.548305907422493e+20 9.998834731950295e+20 24.681585952594777 83.54861746773892 26.155635212356714 134.38583863269042
7.699999999999994 4.210228895044344e+20 5.983133015603855e+20 6.317367666383016e+20 9.341288423093018e+20 9.180246782146924e+20 9.403458396317289e+20 7.5054583610832e+20 8.919086032701316e+20 23.22089392133948 78.20842836169511 24.43850183105025 125.86782411408484
7.799999999999994 3.646497716699364e+20 5.21656900648356e+20 5.553795025036776e+20 8.389466686836003e+20 8.170416523785281e+20 8.425098926164433e+20 6.633400938684927e+20 8.021661789817569e+20 21.92305557782005 73.39813967210988 22.90708402631954 118.22827927624947
7.899999999999993 3.187729366331691e+20 4.588641320990085e+20 4.9249172545093894e+20 7.597498387317009e+20 7.330563496726983e+20 7.612040522978381e+20 5.91260903391256e+20 7.29303880287502e+20 20.7781414361542 69.09401561200964 21.54687337167804 111.41903041984189
7.999999999999993 2.8181264425596037e+20 4.0799481637468923e+20 4.414218256043712e+20 6.949400994512771e+20 6.640687649018374e+20 6.947056094166344e+20 5.3247574138852796e+20 6.720445987804823e+20 19.768046501400658 65.24509822577774 20.339752880953007 105.35289760813141
8.099999999999993 2.5245791338377724e+20 3.6735850777835346e+20 4.0053572000349474e+20 6.422055273370521e+20 6.081058433131918e+20 6.406991082176179e+20 4.85176037160412e+20 6.259153125501634e+20 18.92474926666612 62.03110787205709 19.33911275273894 100.29496989146216
8.199999999999992 2.2974543543219854e+20 3.356868038236413e+20 3.6845688291972474e+20 5.991180593982399e+20 5.6307011806843005e+20 5.967713678123729e+20 4.47660721752503e+20 5.88614553895046e+20 18.275626936539553 59.57990854604522 18.579054153283938 96.4345896358687
8.299999999999992 2.128254582647176e+20 3.119322693297676e+20 3.442637796003696e+20 5.6564050644474574e+20 5.285365326565799e+20 5.6277299162586894e+20 4.191667150371441e+20 5.602989214475206e+20 17.790294690673267 57.762646448560886 18.017576989842773 93.57051812907692
8.399999999999991 2.0088978168470926e+20 2.9505696705093216e+20 3.26900453058051e+20 5.4081514209738536e+20 5.0338706996337744e+20 5.3766087619021314e+20 3.985831829737058e+20 5.386942061265247e+20 17.47907047823273 56.59910766462196 17.65938349908304 91.73756164193773
8.499999999999991 1.9311617253051073e+20 2.839867599190381e+20 3.153657650723195e+20 5.238424388860834e+20 4.864805132883594e+20 5.205492295705373e+20 3.848359935347641e+20 5.233933107641005e+20 17.30675376697152 55.94922423901325 17.460119983814977 90.71609798979975
8.59999999999999 1.8860570428925254e+20 2.77522648648424e+20 3.085599640551286e+20 5.13623708711447e+20 4.7642327396490674e+20 5.102712137134218e+20 3.7669521712882044e+20 5.139575945164472e+20 17.22246862996738 55.62735726116202 17.36186136181316 90.21168725294255
8.69999999999999 1.8637788240711093e+20 2.7431458240420866e+20 3.0515437870110166e+20 5.0842366609361096e+20 4.713519207390708e+20 5.050503555420176e+20 3.726072652893283e+20 5.090734980663203e+20 17.1874026178716 55.491922514914194 17.320635629790747 89.99996076257653
8.79999999999999 1.8548893404176364e+20 2.7302960497098867e+20 3.037814859969607e+20 5.063033670961034e+20 4.692963647248539e+20 5.0292411224895835e+20 3.709552380577194e+20 5.0706999353919976e+20 17.175368443468283 55.44476953356465 17.306316633998936 89.92645461103187
8.89999999999999 1.8522053880302807e+20 2.7264047026852866e+20 3.033632294324189e+20 5.056508816411963e+20 4.6866673281841155e+20 5.0227040150831e+20 3.7045067598447785e+20 5.0644899190151604e+20 17.172289272270735 55.432470257736476 17.30258670537663 89.90734623538384
8.99999999999999 1.8516366716074816e+20 2.7255782683083938e+20 3.032741346807747e+20 5.055112293256229e+20 4.6853213460780135e+20 5.021305582586946e+20 3.7034303406234704e+20 5.063168399224274e+20 17.171679874481118 55.430023323341494 17.301844370907205 89.90354756872982
9.099999999999989 1.851559354495201e+20 2.7254657004642923e+20 3.032619762461413e+20 5.054921223475648e+20 4.68513712136508e+20 5.0211143393402493e+20 3.7032832806798977e+20 5.0629908018275385e+20 17.17159640882938 55.429689908337174 17.301742974300254 89.9030292914668
9.199999999999989 1.8515533053177997e+20 2.7254568753785648e+20 3.032610217860291e+20 5.054906156401816e+20 4.685122604947073e+20 5.021099272379382e+20 3.7032717190885396e+20 5.062977072054756e+20 17.171589692121298 55.42966375520469 17.30173499233319 89.90298843965918
9.299999999999988 1.8515530673580376e+20 2.7254565274684103e+20 3.032609837872248e+20 5.054905544503343e+20 4.685122023936108e+20 5.021098661891739e+20 3.703271257506945e+20 5.0629764875544415e+20 17.171589530970714 55.42966312071775 17.301734799525754 89.90298745121422
9.399999999999988 1.851553063381866e+20 2.7254565216445753e+20 3.032609831484674e+20 5.054905534102307e+20 4.685122014133845e+20 5.0210986515309894e+20 3.703271249733893e+20 5.0629764774838606e+20 17.171589528970628 55.42966311306182 17.30173479720009 89.90298743923253
9.499999999999988 1.8515530633590722e+20 2.7254565216111398e+20 3.0326098314479016e+20 5.0549055340420065e+20 4.685122014077277e+20 5.0210986514709846e+20 3.7032712496890924e+20 5.062976477425198e+20 17.171589528961384 55.42966311302769 17.301734797189695 89.90298743917876
9.599999999999987 1.851553063359038e+20 2.7254565216110897e+20 3.032609831447846e+20 5.054905534041917e+20 4.685122014077192e+20 5.0210986514708935e+20 3.7032712496890236e+20 5.0629764774251076e+20 17.171589528961373 55.42966311302763 17.30173479718969 89.9029874391787
9.699999999999987 1.851553063359038e+20 2.7254565216110897e+20 3.032609831447846e+20 5.054905534041917e+20 4.685122014077192e+20 5.0210986514708935e+20 3.7032712496890236e+20 5.0629764774251076e+20 17.171589528961373 55.42966311302763 17.30173479718969 89.9029874391787
9.799999999999986 1.851553063359038e+20 2.7254565216110897e+20 3.032609831447846e+20 5.054905534041917e+20 4.685122014077192e+20 5.0210986514708935e+20 3.7032712496890236e+20 5.0629764774251076e+20 17.171589528961373 55.42966311302763 17.30173479718969 89.9029874391787
9.899999999999986 1.851553063359038e+20 2.7254565216110897e+20 3.032609831447846e+20 5.054905534041917e+20 4.685122014077192e+20 5.0210986514708935e+20 3.7032712496890236e+20 5.0629764774251076e+20 17.171589528961373 55.42966311302763 17.30173479718969 89.9029874391787
9.999999999999986 1.851553063359038e+20 2.7254565216110897e+20 3.032609831447846e+20 5.054905534041917e+20 4.685122014077192e+20 5.0210986514708935e+20 3.7032712496890236e+20 5.0629764774251076e+20 17.171589528961373 55.42966311302763 17.30173479718969 89.9029874391787
