log10_duration FAKE.FAKE.1500 FAKE.FAKE.2500 FAKE.FAKE.BBa FAKE.FAKE.BBb FAKE.FAKE.D4000a FAKE.FAKE.D4000b FAKE.FAKE.U FAKE.FAKE.V Hbeta_EW OIIIr_EW OIIIb_EW OIIIHbeta_EW
6.0 8.107410229655402e+21 6.238930828721985e+21 5.666802633618689e+21 3.6197267954248204e+21 6.368636217300112e+21 4.745231069288447e+21 6.158685332868599e+21 3.2058671367594364e+21 384.532829824201 1441.8917763530146 468.54257492583923 2294.967181103055
6.1 8.212399658358027e+21 6.33260892449255e+21 5.760414445419637e+21 3.6737729172693886e+21 6.476411319816823e+21 4.821478896168581e+21 6.261084383402135e+21 3.258290097828383e+21 385.96632953210974 1450.945260053238 471.1680862885987 2308.079675873946
6.199999999999999 8.466545466528739e+21 6.556846019780928e+21 5.972124526354245e+21 3.8042464385454834e+21 6.712382373176745e+21 4.995679175956941e+21 6.489145392545931e+21 3.37774840587302e+21 386.3310202904808 1455.4090216463558 472.4709779532165 2314.211019890053
6.299999999999999 8.906784485461487e+21 6.953950980541538e+21 6.307818044812404e+21 4.1241801578271647e+21 7.09879648577737e+21 5.346371615409074e+21 6.851607578896972e+21 3.681219978518143e+21 363.5317234768538 1363.3215611869987 441.4922009870526 2168.345485650905
6.399999999999999 9.367623954936959e+21 7.385443726392366e+21 6.650060554989157e+21 4.5607396200888323e+21 7.510500051509055e+21 5.781433511074651e+21 7.223574981650239e+21 4.1751978629785673e+21 323.4261489867669 1201.572468354055 387.5398160754141 1912.538433416236
6.499999999999998 9.454593797592764e+21 7.505996414246236e+21 6.715307441923548e+21 4.798545472980863e+21 7.614083604095571e+21 5.969560029377963e+21 7.297549594010731e+21 4.455250286793945e+21 292.258847016347 1075.9969456925014 346.246164057531 1714.5019567663794
6.599999999999998 9.093660897932671e+21 7.276084160994895e+21 6.50693151519133e+21 4.986098269863703e+21 7.549901407163984e+21 6.055589055821181e+21 7.130498311325262e+21 4.56748707853921e+21 258.74818632240124 941.8938090922995 302.4145231248939 1503.0565185395944
6.6999999999999975 8.441977970107075e+21 6.803613936608742e+21 6.106397004551667e+21 5.140021295155558e+21 7.366777180012116e+21 6.077148173698947e+21 6.794975279307497e+21 4.6500841640904517e+21 222.56820720395592 797.8025660581862 255.58571502603561 1275.9564882881778
6.799999999999997 7.621552959622361e+21 6.160412803814492e+21 5.533668716716651e+21 5.002300167575444e+21 6.870090870669367e+21 5.799496077491628e+21 6.229688596962562e+21 4.5445435176355533e+21 195.63570908548996 690.163124186213 220.81382081876754 1106.6126540904706
6.899999999999997 6.749278035638251e+21 5.460703485887805e+21 4.893398737855574e+21 4.620986376584689e+21 6.165709002229542e+21 5.287021383696183e+21 5.541361957424929e+21 4.228048912786443e+21 177.25637360553736 617.5651805571287 197.35850218174585 992.1800563444119
6.9999999999999964 5.898902105102335e+21 4.778214324310546e+21 4.268335957927752e+21 4.160760380052713e+21 5.432411834934383e+21 4.711201564990428e+21 4.852203948563053e+21 3.803998962873322e+21 163.31203148179657 564.1127328302082 180.03403294163985 907.4587972536447
7.099999999999996 5.099697347620825e+21 4.1432627641389133e+21 3.695293682438019e+21 3.7093203980872586e+21 4.750080420020463e+21 4.1604859001729125e+21 4.216534390941854e+21 3.3729852833327874e+21 151.11937502284923 519.0197136365499 165.36809511167922 835.5071837710784
7.199999999999996 4.3734142343805534e+21 3.568556430611801e+21 3.180877891154331e+21 3.2760367105701294e+21 4.1246510858170873e+21 3.6436323931487915e+21 3.6408461436470973e+21 2.952897512160886e+21 140.6175206810248 481.30256586431426 153.04253839006716 774.9626249354062
7.299999999999995 3.728616054559915e+21 3.055266464874204e+21 2.722312460037542e+21 2.8626036116229246e+21 3.55238012455658e+21 3.1611794876955e+21 3.1221777777859316e+21 2.5572193793887363e+21 132.0619213190418 450.99353015278376 143.07672022223045 726.1321716940561
7.399999999999995 3.1718614937282696e+21 2.6081405563467496e+21 2.3233379805409355e+21 2.486948477443245e+21 3.045489389320305e+21 2.729351566873903e+21 2.6673883704484084e+21 2.2064602731669283e+21 125.06330069893151 426.2305228038847 134.83780187741039 686.1316253802265
7.499999999999995 2.7017142753815324e+21 2.2295463656408421e+21 1.9878143417878357e+21 2.1720141598035762e+21 2.622068782930389e+21 2.3689033111862567e+21 2.2860542590430974e+21 1.9182286380010824e+21 118.3772711074937 402.32521174578915 126.89117754834487 647.5936604016277
7.599999999999994 2.308685248092955e+21 1.9138744829517003e+21 1.7109854769800065e+21 1.9158790322121547e+21 2.2780181800235468e+21 2.0763513717998208e+21 1.9738240421236994e+21 1.6863498312891716e+21 111.72897810214862 378.2708469859476 118.99841716135555 608.9982422494518
7.699999999999994 1.981950513956604e+21 1.6507641573933502e+21 1.4810669594613021e+21 1.700267890158217e+21 1.992057525627485e+21 1.831818248261436e+21 1.7148212299713523e+21 1.4932205850495749e+21 105.70918776156176 356.22234144170346 111.84106355404029 573.7725927573056
7.799999999999994 1.7132582734397537e+21 1.4335750339971014e+21 1.2915826888201006e+21 1.5204382597291576e+21 1.7559529476608898e+21 1.629079444082878e+21 1.5014926033324126e+21 1.3340486868341886e+21 100.30327172195175 336.13594148625884 105.38708403824556 541.8262972464562
7.899999999999993 1.4952508108951165e+21 1.2567490694322022e+21 1.1373303519838133e+21 1.371711184953346e+21 1.5622988282888389e+21 1.4622880875417625e+21 1.3274520080852763e+21 1.2054922452877768e+21 95.48896047301731 317.97993055571845 99.59806748003165 513.0669585087675
7.999999999999993 1.3201158635865016e+21 1.1143029158289168e+21 1.0133248801854278e+21 1.2506118614085733e+21 1.4052121177924266e+21 1.3270298516936073e+21 1.1871435708389293e+21 1.1046180822557752e+21 91.2057992307197 301.5954458763238 94.41538520853982 487.21663031558336
8.099999999999993 1.1814111814232753e+21 1.001134581413787e+21 9.150175362228387e+20 1.1526242083201298e+21 1.279359633328862e+21 1.218200450915923e+21 1.0755303027733531e+21 1.0239548152080623e+21 87.60389675257204 287.80394205219 90.08635232007019 465.49419112483224
8.199999999999992 1.0743535274496461e+21 9.133683390755909e+20 8.386389376369033e+20 1.0731571938697287e+21 1.1795560570361982e+21 1.1307622254985127e+21 9.881249375230854e+20 9.59416318158875e+20 84.81503953680343 277.2178115214138 86.77807904426439 448.8109301024816
8.299999999999992 9.947634709008401e+20 8.478198364217048e+20 7.815105483010993e+20 1.0117593443625282e+21 1.1038705085069157e+21 1.0637142772808957e+21 9.224065320780967e+20 9.107196075580793e+20 82.7205243096256 269.3313721184004 84.32298602354068 436.3748824515667
8.399999999999991 9.387189355098942e+20 8.014297278019845e+20 7.408512746739579e+20 9.664838904472477e+20 1.049328603331722e+21 1.014652690500526e+21 8.754058221078576e+20 8.740416751924283e+20 81.37316169601326 264.26459404774846 82.75172434624767 428.3894800900094
8.499999999999991 9.022717358053617e+20 7.710971298517186e+20 7.140517014968382e+20 9.356800687820426e+20 1.0130035211875396e+21 9.814960669218843e+20 8.443010124808424e+20 8.483756225338263e+20 80.62573205930612 261.4286977487547 81.87592782070014 423.930357628761
8.59999999999999 8.811475102643298e+20 7.534298701127764e+20 6.983348417298965e+20 9.17198549800158e+20 9.915439773465996e+20 9.616989408207948e+20 8.260086076435093e+20 8.326756392295709e+20 80.25977023138213 260.0225926080488 81.44361420741593 421.7259770468469
8.69999999999999 8.70720908050343e+20 7.44676155792519e+20 6.905028490270523e+20 9.078173425761594e+20 9.807774287196846e+20 9.516858932637092e+20 8.168682138236098e+20 8.245947224475675e+20 80.1074427778097 259.430628385892 81.26214449712639 420.8002156608281
8.79999999999999 8.665625275540052e+20 7.411741522896907e+20 6.873553463150042e+20 9.039989139759606e+20 9.764295029314737e+20 9.476203685323943e+20 8.131878292534167e+20 8.212907402184406e+20 80.05515618724678 259.2244894269137 81.19910289455447 420.47874850871494
8.89999999999999 8.653074163994644e+20 7.401145346052027e+20 6.863987732245549e+20 9.028255269657676e+20 9.75101740241819e+20 9.463735084337273e+20 8.120670847387569e+20 8.202695697080587e+20 80.04177685514108 259.17071749316386 81.18268043565644 420.39517478396135
8.99999999999999 8.650415310799341e+20 7.398896413486104e+20 6.86195325334161e+20 9.025745858405912e+20 9.748184533490034e+20 9.461071481534678e+20 8.118284340467966e+20 8.200524061523159e+20 80.03912891437697 259.16001945725264 81.17941198176244 420.37856035339206
9.099999999999989 8.650053915262741e+20 7.398590251305051e+20 6.861675939605166e+20 9.025402709537602e+20 9.747797382937554e+20 9.460707556645447e+20 8.117958752988825e+20 8.200231963022212e+20 80.03876624022824 259.1585617611163 81.17896553855111 420.37629353989564
9.199999999999989 8.650025645841996e+20 7.398566260888905e+20 6.861654192069039e+20 9.02537566617299e+20 9.74776692218927e+20 9.460678913438388e+20 8.117933189617697e+20 8.200209359643585e+20 80.03873705483437 259.15844741914975 81.17893039442525 420.3761148684094
9.299999999999988 8.6500245339552e+20 7.398565315528563e+20 6.861653328309218e+20 9.025374569988024e+20 9.747765706554081e+20 9.460677756606619e+20 8.117932172031119e+20 8.200208404400213e+20 80.03873635460354 259.15844464516647 81.17892954550702 420.376110545277
9.399999999999988 8.650024515378089e+20 7.398565299708743e+20 6.861653313807004e+20 9.025374551373815e+20 9.74776568607817e+20 9.46067773700665e+20 8.117932154921732e+20 8.200208387986523e+20 80.0387363459128 259.1584446116946 81.17892953526724 420.37611049287466
9.499999999999988 8.650024515271596e+20 7.39856529961794e+20 6.861653313723584e+20 9.025374551265968e+20 9.747765685960133e+20 9.460677736893256e+20 8.117932154823221e+20 8.200208387891043e+20 80.0387363458726 259.1584446115454 81.17892953522149 420.3761104926395
9.599999999999987 8.650024515271439e+20 7.398565299617804e+20 6.861653313723458e+20 9.025374551265806e+20 9.747765685959954e+20 9.460677736893085e+20 8.117932154823073e+20 8.200208387890899e+20 80.03873634587256 259.1584446115451 81.17892953522146 420.37611049263916
9.699999999999987 8.650024515271439e+20 7.398565299617804e+20 6.861653313723458e+20 9.025374551265806e+20 9.747765685959954e+20 9.460677736893085e+20 8.117932154823073e+20 8.200208387890899e+20 80.03873634587256 259.1584446115451 81.17892953522146 420.37611049263916
9.799999999999986 8.650024515271439e+20 7.398565299617804e+20 6.861653313723458e+20 9.025374551265806e+20 9.747765685959954e+20 9.460677736893085e+20 8.117932154823073e+20 8.200208387890899e+20 80.03873634587256 259.1584446115451 81.17892953522146 420.37611049263916
9.899999999999986 8.650024515271439e+20 7.398565299617804e+20 6.861653313723458e+20 9.025374551265806e+20 9.747765685959954e+20 9.460677736893085e+20 8.117932154823073e+20 8.200208387890899e+20 80.03873634587256 259.1584446115451 81.17892953522146 420.37611049263916
9.999999999999986 8.650024515271439e+20 7.398565299617804e+20 6.861653313723458e+20 9.025374551265806e+20 9.747765685959954e+20 9.460677736893085e+20 8.117932154823073e+20 8.200208387890899e+20 80.03873634587256 259.1584446115451 81.17892953522146 420.37611049263916
