fesc FAKE.FAKE.1500 FAKE.FAKE.2500 FAKE.FAKE.BBa FAKE.FAKE.BBb FAKE.FAKE.D4000a FAKE.FAKE.D4000b FAKE.FAKE.U FAKE.FAKE.V Hbeta_EW OIIIr_EW OIIIb_EW OIIIHbeta_EW
0.0 2.0675971491335098e+21 1.5826235653131485e+21 1.454835798717913e+21 1.5329138655896464e+21 1.9487406714882912e+21 1.721709371156984e+21 1.6927682036644368e+21 1.3588851984312238e+21 166.35043509458418 551.1738189322735 173.31532578961358 890.8395798164713
0.01 2.0644434807524753e+21 1.578785055952467e+21 1.4494555725188573e+21 1.5307676969523374e+21 1.9421856925937366e+21 1.717580584561572e+21 1.6864968310584933e+21 1.3561283964659066e+21 164.97745282051804 546.6048265122723 171.86460062206348 883.4468799548538
0.02 2.0612898123714407e+21 1.574946546591785e+21 1.4440753463198013e+21 1.5286215283150294e+21 1.935630713699182e+21 1.7134517979661601e+21 1.6802254584525499e+21 1.3533715945005892e+21 163.59961786548376 542.0200189816355 170.40909172830266 876.028728575422
0.03 2.0581361439904068e+21 1.5711080372311032e+21 1.4386951201207456e+21 1.5264753596777203e+21 1.9290757348046277e+21 1.7093230113707482e+21 1.6739540858466067e+21 1.350614792535272e+21 162.21690445689669 537.419314084365 168.94877540794764 868.5849939492094
0.04 2.054982475609372e+21 1.5672695278704213e+21 1.4333148939216898e+21 1.5243291910404115e+21 1.9225207559100729e+21 1.705194224775336e+21 1.6676827132406635e+21 1.347857990569955e+21 160.82928663934428 532.8026289930436 167.4836278037951 861.1155434361831
0.05 2.0518288072283377e+21 1.5634310185097398e+21 1.427934667722634e+21 1.522183022403103e+21 1.9159657770155185e+21 1.701065438179924e+21 1.66141134063472e+21 1.3451011886046377e+21 159.4367382729619 528.1698803038631 166.01362490052276 853.6202434773478
0.06 2.0486751388473035e+21 1.5595925091490576e+21 1.4225544415235783e+21 1.5200368537657944e+21 1.9094107981209634e+21 1.696936651584512e+21 1.6551399680287769e+21 1.3423443866393208e+21 158.0392330317916 523.5209840316028 164.53874252337718 846.0989595867716
0.07 2.0455214704662689e+21 1.5557539997883758e+21 1.4171742153245225e+21 1.517890685128486e+21 1.9028558192264093e+21 1.6928078649891e+21 1.6488685954228334e+21 1.3395875846740037e+21 156.636744402123 518.8558556045539 163.05895633684844 838.5515563435254
0.08 2.0423678020852347e+21 1.5519154904276942e+21 1.4117939891254668e+21 1.5157445164911774e+21 1.8963008403318545e+21 1.6886790783936884e+21 1.6425972228168902e+21 1.3368307827086865e+21 155.2292456808166 514.1744098593911 161.57424184333192 830.9778973835396
0.09 2.0392141337042003e+21 1.5480769810670126e+21 1.4064137629264107e+21 1.5135983478538683e+21 1.8897458614372996e+21 1.6845502917982762e+21 1.6363258502109465e+21 1.334073980743369e+21 153.81670997360885 509.47656103598996 160.08457438177598 823.3778453913749
0.1 2.036060465323166e+21 1.5442384717063308e+21 1.401033536727355e+21 1.5114521792165598e+21 1.8831908825427453e+21 1.6804215052028648e+21 1.6300544776050033e+21 1.3313171787780522e+21 152.39911019339948 504.7622227721909 158.58992912631714 815.7512620919075
0.11 2.0329067969421315e+21 1.540399962345649e+21 1.3956533105282992e+21 1.5093060105792512e+21 1.8766359036481904e+21 1.6762927186074526e+21 1.62378310499906e+21 1.3285603768127353e+21 150.97641905851972 500.0313080985058 157.09028108490068 808.0980082419262
0.12 2.0297531285610968e+21 1.536561452984967e+21 1.3902730843292432e+21 1.5071598419419427e+21 1.870080924753636e+21 1.6721639320120407e+21 1.6175117323931164e+21 1.3258035748474181e+21 149.5486090909824 495.283729432771 155.58560509788745 800.4179436216408
0.13 2.026599460180063e+21 1.5327229436242853e+21 1.3848928581301874e+21 1.5050136733046342e+21 1.8635259458590815e+21 1.6680351454166288e+21 1.6112403597871732e+21 1.3230467728821007e+21 148.11565261471264 490.519398574742 154.0758758366471 792.7109270261018
0.14 2.023445791799028e+21 1.5288844342636037e+21 1.3795126319311317e+21 1.5028675046673254e+21 1.856970966964527e+21 1.6639063588212166e+21 1.6049689871812298e+21 1.3202899709167836e+21 146.67752175375992 485.738226700632 152.56106780213682 784.9768162565288
0.15 2.0202921234179938e+21 1.5250459249029218e+21 1.374132405732076e+21 1.5007213360300168e+21 1.8504159880699723e+21 1.6597775722258041e+21 1.5986976145752866e+21 1.3175331689514667e+21 145.23418843049018 480.94012435759066 151.04115532346572 777.2154681115464
0.16 2.0171384550369597e+21 1.52120741554224e+21 1.36875217953302e+21 1.498575167392708e+21 1.843861009175418e+21 1.6556487856303927e+21 1.592426241969343e+21 1.3147763669861498e+21 143.78562436375864 476.12500145812743 149.51611255644457 769.4267383783306
0.17 2.013984786655925e+21 1.5173689061815581e+21 1.363371953333964e+21 1.4964289987553995e+21 1.8373060302808634e+21 1.6515199990349808e+21 1.5861548693633995e+21 1.3120195650208323e+21 142.33180106706268 471.29276727447103 147.98591348212116 761.6104818236548
0.18 2.0108311182748906e+21 1.5135303968208766e+21 1.3579917271349086e+21 1.494282830118091e+21 1.8307510513863088e+21 1.647391212439569e+21 1.5798834967574565e+21 1.3092627630555154e+21 140.8726898466745 466.4433304328727 146.4505319053004 753.7665521848476
0.19 2.0076774498938564e+21 1.5096918874601947e+21 1.3526115009358529e+21 1.492136661480782e+21 1.824196072491754e+21 1.643262425844157e+21 1.573612124151513e+21 1.306505961090198e+21 139.40826179975303 461.5765989078458 144.90994145304973 745.8948021606486
0.2 2.004523781512822e+21 1.505853378099513e+21 1.347231274736797e+21 1.4899904928434734e+21 1.817641093597199e+21 1.6391336392487448e+21 1.5673407515455696e+21 1.303749159124881e+21 137.938487812436 456.6924800163449 143.36411557318885 737.9950834019699
0.21 2.0013701131317878e+21 1.502014868738831e+21 1.341851048537741e+21 1.4878443242061648e+21 1.8110861147026447e+21 1.635004852653333e+21 1.5610693789396262e+21 1.3009923571595637e+21 136.46333855791013 451.7908804118826 141.81302753276447 730.0672465025572
0.22 1.998216444750753e+21 1.4981763593781494e+21 1.3364708223386853e+21 1.4856981555688563e+21 1.8045311358080904e+21 1.630876066057921e+21 1.554798006333683e+21 1.2982355551942468e+21 134.98278449446087 446.87170607858195 140.25665041650922 722.111140989552
0.23 1.995062776369719e+21 1.4943378500174676e+21 1.3310905961396295e+21 1.4835519869315478e+21 1.7979761569135355e+21 1.626747279462509e+21 1.5485266337277398e+21 1.2954787532289296e+21 133.49679586350018 441.93486232516534 138.69495712528465 714.1266153139502
0.24 1.9919091079886849e+21 1.4904993406567858e+21 1.3257103699405735e+21 1.481405818294239e+21 1.7914211780189812e+21 1.6226184928670974e+21 1.5422552611217964e+21 1.2927219512636125e+21 132.0053426875727 436.9802537788795 137.12792037450876 706.113516840961
0.25 1.98875543960765e+21 1.486660831296104e+21 1.3203301437415175e+21 1.4792596496569304e+21 1.7848661991244264e+21 1.6184897062716855e+21 1.535983888515853e+21 1.2899651492982956e+21 130.50839476833994 432.007784379353 135.55551269256654 698.0716918402595
0.26 1.9856017712266155e+21 1.4828223219354223e+21 1.3149499175424617e+21 1.4771134810196216e+21 1.7783112202298718e+21 1.6143609196762728e+21 1.5297125159099095e+21 1.2872083473329781e+21 129.00592168454216 427.01735737238806 133.977706419205 690.0009854761353
0.27 1.982448102845581e+21 1.4789838125747405e+21 1.3095696913434065e+21 1.4749673123823134e+21 1.7717562413353172e+21 1.6102321330808616e+21 1.5234411433039663e+21 1.2844515453676612e+21 127.49789278993755 422.0088753036856 132.39447370391102 681.9012417975341
0.28 1.979294434464547e+21 1.4751453032140586e+21 1.3041894651443502e+21 1.4728211437450046e+21 1.7652012624407626e+21 1.6061033464854495e+21 1.5171697706980228e+21 1.2816947434023438e+21 125.98427721121844 416.9822400125012 130.80578650427276 673.7723037279924
0.29 1.9761407660835125e+21 1.4713067938533768e+21 1.2988092389452942e+21 1.4706749751076958e+21 1.7586462835462082e+21 1.6019745598900375e+21 1.5108983980920794e+21 1.278937941437027e+21 124.46504384590459 411.93735262523194 129.211616584324 665.6140130554605
0.3 1.972987097702478e+21 1.467468284492695e+21 1.2934290127462387e+21 1.4685288064703872e+21 1.7520913046516534e+21 1.5978457732946256e+21 1.5046270254861362e+21 1.2761811394717098e+21 122.94016136021261 406.8741135489336 127.61193551287118 657.4262104220174
0.31 1.9698334293214437e+21 1.4636297751320134e+21 1.2880487865471827e+21 1.4663826378330787e+21 1.7455363257570988e+21 1.5937169866992134e+21 1.4983556528801928e+21 1.2734243375063929e+21 121.40959818690196 401.7924224647675 126.00671466180346 649.2087353134729
0.32 1.966679760940409e+21 1.4597912657713313e+21 1.282668560348127e+21 1.46423646919577e+21 1.7389813468625445e+21 1.5895882001038015e+21 1.4920842802742493e+21 1.2706675355410754e+21 119.87332252309648 396.692178321374 124.39592520438472 640.9614260488552
0.33 1.963526092559375e+21 1.4559527564106494e+21 1.277288334149071e+21 1.4620903005584614e+21 1.7324263679679899e+21 1.5854594135083896e+21 1.4858129076683061e+21 1.2679107335757583e+21 118.33130232808169 391.57327932817515 122.77953811352796 632.6841197697848
0.34 1.9603724241783405e+21 1.4521142470499678e+21 1.2719081079500154e+21 1.4599441319211528e+21 1.725871389073435e+21 1.5813306269129777e+21 1.479541535062363e+21 1.265153931610441e+21 116.78350532107727 386.43562294860214 121.15752416005175 624.3766524297312
0.35000000000000003 1.957218755797306e+21 1.4482757376892862e+21 1.26652788175096e+21 1.4577979632838443e+21 1.7193164101788807e+21 1.5772018403175658e+21 1.4732701624564192e+21 1.2623971296451242e+21 115.22989897898455 381.27910589324915 119.52985391091836 616.038858783152
0.36 1.954065087416272e+21 1.4444372283286044e+21 1.2611476555519039e+21 1.4556517946465358e+21 1.712761431284326e+21 1.5730730537221536e+21 1.466998789850476e+21 1.2596403276798068e+21 113.6704505341083 376.10362411295154 117.89649772745344 607.6705723745133
0.37 1.9509114190352375e+21 1.4405987189679226e+21 1.255767429352848e+21 1.4535056260092267e+21 1.7062064523897715e+21 1.5689442671267417e+21 1.4607274172445326e+21 1.25688352571449e+21 112.10512697185315 370.90907279178714 116.2574257635469 599.2716255271872
0.38 1.947757750654203e+21 1.4367602096072407e+21 1.2503872031537923e+21 1.4513594573719182e+21 1.699651473495217e+21 1.5648154805313303e+21 1.4544560446385894e+21 1.254126723749173e+21 110.53389502839373 365.69534633999984 114.61260796383522 590.8418493322288
0.39 1.9446040822731684e+21 1.432921700246559e+21 1.245006976954736e+21 1.4492132887346094e+21 1.6930964946006625e+21 1.5606866939359184e+21 1.448184672032646e+21 1.2513699217838556e+21 108.95672118831838 360.4623383868459 112.96201406186402 582.3810736370283
0.4 1.9414504138921342e+21 1.4290831908858775e+21 1.2396267507556806e+21 1.447067120097301e+21 1.6865415157061077e+21 1.5565579073405056e+21 1.4419132994267025e+21 1.2486131198185387e+21 107.37357168224608 355.2099417733595 111.30561357823184 573.8891270338374
0.41000000000000003 1.9382967455111e+21 1.4252446815251957e+21 1.2342465245566248e+21 1.4449209514599923e+21 1.6799865368115528e+21 1.5524291207450937e+21 1.4356419268207593e+21 1.2458563178532215e+21 105.78441248441625 349.938048545038 109.64337581871403 565.3658368481683
0.42 1.9351430771300651e+21 1.4214061721645139e+21 1.228866298357569e+21 1.4427747828226838e+21 1.6734315579169985e+21 1.5483003341496823e+21 1.429370554214816e+21 1.2430995158879044e+21 104.1892093102511 344.6465499444457 107.97526987236661 556.8110291270634
0.43 1.931989408749031e+21 1.417567662803832e+21 1.2234860721585135e+21 1.440628614185375e+21 1.6668765790224442e+21 1.5441715475542702e+21 1.4230991816088727e+21 1.2403427139225875e+21 102.58792761389003 339.3353364037355 106.3012646096103 548.2245286272358
0.44 1.928835740367997e+21 1.4137291534431502e+21 1.2181058459594572e+21 1.4384824455480664e+21 1.6603216001278893e+21 1.5400427609588582e+21 1.4168278090029293e+21 1.23758591195727e+21 100.9805325856959 334.0042975370857 104.62132868029411 539.6061588030757
0.45 1.9256820719869622e+21 1.4098906440824686e+21 1.2127256197604015e+21 1.4363362769107576e+21 1.653766621233335e+21 1.5359139743634463e+21 1.4105564363969858e+21 1.2348291099919531e+21 99.3669891497325 328.6533221330529 102.93543051173805 530.9557417945234
0.46 1.922528403605928e+21 1.4060521347217865e+21 1.2073453935613457e+21 1.434190108273449e+21 1.6472116423387804e+21 1.5317851877680344e+21 1.404285063791043e+21 1.232072308026636e+21 97.74726196121328 323.28229814683823 101.24353830675555 522.2730984148071
0.47000000000000003 1.9193747352248933e+21 1.4022136253611046e+21 1.20196516736229e+21 1.4320439396361403e+21 1.6406566634442258e+21 1.5276564011726225e+21 1.3980136911850992e+21 1.2293155060613188e+21 96.12131540392043 317.8911126924672 99.54562004165402 513.5580481380416
0.48 1.9162210668438592e+21 1.398375116000423e+21 1.1965849411632342e+21 1.4298977709988318e+21 1.634101684549671e+21 1.5235276145772106e+21 1.3917423185791555e+21 1.2265587040960017e+21 94.48911358759435 312.47965203488087 97.84164346421458 504.8104090866898
0.49 1.9130673984628248e+21 1.3945366066397412e+21 1.1912047149641784e+21 1.4277516023615232e+21 1.6275467056551163e+21 1.5193988279817986e+21 1.3854709459732125e+21 1.2238019021306845e+21 92.85062034529284 307.0478015819375 96.13157609164982 496.0299980188802
0.5 1.9099137300817904e+21 1.3906980972790594e+21 1.1858244887651224e+21 1.4256054337242144e+21 1.620991726760562e+21 1.5152700413863865e+21 1.379199573367269e+21 1.2210451001653673e+21 91.2057992307197 301.5954458763238 94.41538520853979 487.21663031558336
0.51 1.9067600617007562e+21 1.3868595879183775e+21 1.1804442625660668e+21 1.423459265086906e+21 1.6144367478660071e+21 1.5111412547909745e+21 1.372928200761326e+21 1.2182882982000504e+21 89.55461351552248 296.12246858737495 92.69303786474568 478.3701199676431
0.52 1.9036063933197218e+21 1.383021078557696e+21 1.1750640363670106e+21 1.4213130964495974e+21 1.6078817689714525e+21 1.5070124681955626e+21 1.3666568281553825e+21 1.215531496234733e+21 87.89702618655845 290.6287525028005 90.9645008733009 469.49027956265985
0.53 1.900452724938687e+21 1.3791825691970138e+21 1.1696838101679549e+21 1.4191669278122888e+21 1.601326790076898e+21 1.5028836816001507e+21 1.3603854555494393e+21 1.212774694269416e+21 86.23299994312912 285.1141795203168 89.22974080827977 460.57692027172567
0.54 1.8972990565576527e+21 1.3753440598363325e+21 1.1643035839688992e+21 1.4170207591749798e+21 1.5947718111823436e+21 1.4987548950047388e+21 1.3541140829434956e+21 1.2100178923040987e+21 84.56249719418214 279.5786306391841 87.48872400264266 451.62985183600887
0.55 1.8941453881766183e+21 1.3715055504756504e+21 1.1589233577698435e+21 1.4148745905376712e+21 1.5882168322877888e+21 1.4946261084093269e+21 1.347842710337552e+21 1.2072610903387818e+21 82.88548005548068 274.0219859516463 85.74141654605813 442.6488825531851
0.56 1.8909917197955841e+21 1.3676670411149688e+21 1.1535431315707877e+21 1.4127284219003627e+21 1.5816618533932344e+21 1.490497321813915e+21 1.341571337731609e+21 1.2045042883734644e+21 81.20191034673952 268.44412463427255 83.98778428270128 433.63381926371335
0.5700000000000001 1.8878380514145497e+21 1.363828531754287e+21 1.1481629053717317e+21 1.4105822532630542e+21 1.5751068744986798e+21 1.486368535218503e+21 1.3352999651256658e+21 1.2017474864081475e+21 79.51174958872751 262.844924939201 82.22779280902816 424.58446733695666
0.58 1.8846843830335153e+21 1.3599900223936054e+21 1.142782679172676e+21 1.4084360846257454e+21 1.5685518956041252e+21 1.482239748623091e+21 1.3290285925197223e+21 1.1989906844428303e+21 77.81495900033597 257.22426418527925 80.4614074715258 415.5006306571411
0.59 1.881530714652481e+21 1.3561515130329233e+21 1.1374024529736203e+21 1.4062899159884368e+21 1.5619969167095704e+21 1.4781109620276792e+21 1.3227572199137789e+21 1.1962338824775131e+21 76.11149949561252 251.5820187491054 78.68859336443798 406.3821116091559
0.6 1.8783770462714465e+21 1.3523130036722417e+21 1.1320222267745644e+21 1.4041437473511283e+21 1.555441937815016e+21 1.4739821754322673e+21 1.3164858473078354e+21 1.1934770805121962e+21 74.40133168075981 245.91806405596384 76.90931532746592 397.22871106418955
0.61 1.8752233778904123e+21 1.3484744943115599e+21 1.1266420005755086e+21 1.4019975787138195e+21 1.5488869589204615e+21 1.469853388836855e+21 1.3102144747018922e+21 1.190720278546879e+21 72.68441585109888 240.2322745706571 75.12353794344368 388.04022836519965
0.62 1.8720697095093774e+21 1.3446359849508783e+21 1.1212617743764528e+21 1.399851410076511e+21 1.5423319800259069e+21 1.4657246022414432e+21 1.3039431020959488e+21 1.187963476581562e+21 70.96071198799623 234.52452378823108 73.33122553598828 378.81646131221555
0.63 1.8689160411283432e+21 1.3407974755901964e+21 1.115881548177397e+21 1.3977052414392024e+21 1.5357770011313523e+21 1.4615958156460312e+21 1.2976717294900056e+21 1.1852066746162448e+21 69.23017975575468 228.79468422459314 71.53234216712373 369.55720614747156
0.64 1.865762372747309e+21 1.3369589662295146e+21 1.1105013219783411e+21 1.3955590728018936e+21 1.529222022236798e+21 1.457467029050619e+21 1.2914003568840621e+21 1.1824498726509273e+21 67.49277849846692 223.04262740701984 69.7268516348792 360.26225754036597
0.65 1.8626087043662744e+21 1.3331204568688327e+21 1.1051210957792853e+21 1.3934129041645848e+21 1.522667043342243e+21 1.4533382424552074e+21 1.2851289842781187e+21 1.1796930706856104e+21 65.74846723683181 217.2682238645559 67.9147174708602 350.9314085722479
0.66 1.8594550359852403e+21 1.329281947508151e+21 1.0997408695802296e+21 1.3912667355272766e+21 1.5161120644476882e+21 1.4492094558597952e+21 1.2788576116721752e+21 1.1769362687202932e+21 63.99720466493232 211.4713431182992 66.09590293779341 341.5644507210249
0.67 1.8563013676042058e+21 1.3254434381474693e+21 1.0943606433811737e+21 1.3891205668899678e+21 1.5095570855531336e+21 1.4450806692643833e+21 1.272586239066232e+21 1.1741794667549763e+21 62.23894914697509 205.65185367157326 64.27037102704398 332.1611738455923
0.68 1.8531476992231714e+21 1.3216049287867875e+21 1.0889804171821178e+21 1.3869743982526592e+21 1.503002106658579e+21 1.4409518826689717e+21 1.2663148664602886e+21 1.1714226647896592e+21 60.47365871399076 199.80962299998413 62.43808445610537 322.7213661700803
0.6900000000000001 1.8499940308421373e+21 1.3177664194261056e+21 1.083600190983062e+21 1.3848282296153504e+21 1.4964471277640247e+21 1.4368230960735595e+21 1.2600434938543452e+21 1.168665862824342e+21 58.70129106049465 193.9445175413607 60.59900566606125 313.24481426791664
0.7000000000000001 1.8468403624611026e+21 1.3139279100654238e+21 1.0782199647840063e+21 1.382682060978042e+21 1.4898921488694704e+21 1.4326943094781476e+21 1.253772121248402e+21 1.1659090608590249e+21 56.92180354110711 188.05640268557593 58.75309681901919 303.73130304570225
0.71 1.8436866940800685e+21 1.3100894007047422e+21 1.0728397385849506e+21 1.380535892340733e+21 1.4833371699749155e+21 1.428565522882736e+21 1.2475007486424588e+21 1.163152258893708e+21 55.13515316713329 182.14514276424936 56.90031979551562 294.1806157268983
0.72 1.8405330256990343e+21 1.3062508913440604e+21 1.0674595123858946e+21 1.3783897237034246e+21 1.476782191080361e+21 1.4244367362873237e+21 1.241229376036515e+21 1.1603954569283906e+21 53.341296603101114 176.21060104032608 55.04063619189177 284.59253383531893
0.73 1.8373793573179994e+21 1.3024123819833785e+21 1.0620792861868387e+21 1.3762435550661158e+21 1.4702272121858063e+21 1.4203079496919118e+21 1.234958003430572e+21 1.1576386549630737e+21 51.54019016325777 170.2526396975345 53.17400731764036 274.9668371784326
0.74 1.8342256889369652e+21 1.2985738726226967e+21 1.0566990599877831e+21 1.3740973864288075e+21 1.4636722332912522e+21 1.4161791630965e+21 1.2286866308246287e+21 1.1548818529977563e+21 49.73178980802326 164.27111982971718 51.30039419272227 265.3033038304627
0.75 1.8310720205559305e+21 1.294735363262015e+21 1.0513188337887275e+21 1.3719512177914985e+21 1.457117254396697e+21 1.412050376501088e+21 1.2224152582186855e+21 1.1521250510324394e+21 47.91605114040093 158.2659014300361 49.41975754485325 255.60171011529027
0.76 1.8279183521748964e+21 1.2908968539013332e+21 1.0459386075896713e+21 1.3698050491541902e+21 1.4505622755021425e+21 1.407921589905676e+21 1.2161438856127418e+21 1.149368249067122e+21 46.092929402344225 152.2368433800484 47.53205780675982 245.86183058915248
0.77 1.824764683793862e+21 1.2870583445406514e+21 1.0405583813906154e+21 1.3676588805168814e+21 1.444007296607588e+21 1.4037928033102639e+21 1.2098725130067986e+21 1.146611447101805e+21 44.26237947107895 146.18380343865283 45.63725511340456 236.08343802313635
0.78 1.8216110154128276e+21 1.2832198351799698e+21 1.0351781551915598e+21 1.3655127118795728e+21 1.4374523177130336e+21 1.399664016714852e+21 1.203601140400855e+21 1.1438546451364879e+21 42.42435585538059 140.10663823090303 43.73530929917957 226.26630338546317
0.79 1.8184573470317934e+21 1.279381325819288e+21 1.029797928992504e+21 1.3633665432422643e+21 1.4308973388184787e+21 1.39553523011944e+21 1.1973297677949117e+21 1.1410978431711708e+21 40.578812691805865 134.0052032366873 41.82617989506853 216.41019582356168
0.8 1.8153036786507585e+21 1.275542816458606e+21 1.024417702793448e+21 1.3612203746049558e+21 1.4243423599239241e+21 1.391406443524028e+21 1.1910583951889686e+21 1.1383410412058536e+21 38.72570374087794 127.87935277927252 39.90982612577624 206.51488264592672
0.81 1.8121500102697246e+21 1.2717043070979243e+21 1.0190374765943922e+21 1.3590742059676467e+21 1.4177873810293698e+21 1.3872776569286162e+21 1.184787022583025e+21 1.1355842392405365e+21 36.86498238322467 121.72894001371007 37.98620690682575 196.5801293037605
0.8200000000000001 1.80899634188869e+21 1.2678657977372424e+21 1.0136572503953366e+21 1.3569280373303382e+21 1.411232402134815e+21 1.3831488703332043e+21 1.1785156499770818e+21 1.1328274372752196e+21 34.99660161566915 115.5538169151019 36.05528084162222 186.60569937239325
0.8300000000000001 1.8058426735076555e+21 1.2640272883765606e+21 1.0082770241962807e+21 1.3547818686930297e+21 1.4046774232402606e+21 1.3790200837377923e+21 1.1722442773711385e+21 1.1300706353099022e+21 33.12051404727181 109.35383426672533 34.11700621848339 176.59135453248052
0.84 1.802689005126621e+21 1.2601887790158787e+21 1.002896797997225e+21 1.352635700055721e+21 1.398122444345706e+21 1.3748912971423804e+21 1.165972904765195e+21 1.1273138333445853e+21 31.236671895323568 103.12884164801376 32.171341007636 166.53685455097332
0.85 1.799535336745587e+21 1.256350269655197e+21 9.975165717981692e+20 1.3504895314184126e+21 1.3915674654511514e+21 1.3707625105469685e+21 1.1597015321592518e+21 1.124557031379268e+21 29.34502698128898 96.87868742239145 30.218242858177785 156.44195726185822
0.86 1.7963816683645525e+21 1.2525117602945153e+21 9.921363455991134e+20 1.3483433627811038e+21 1.3850124865565968e+21 1.3666337239515566e+21 1.1534301595533084e+21 1.121800229413951e+21 27.44553072669918 90.6032187249613 28.257669095004744 146.3064185466652
0.87 1.793227999983518e+21 1.2486732509338337e+21 9.867561194000575e+20 1.346197194143795e+21 1.3784575076620425e+21 1.3625049373561444e+21 1.147158786947365e+21 1.1190434274486338e+21 25.53813414899328 84.3022814500418 26.28957671570279 136.12999231473788
0.88 1.7900743316024837e+21 1.2448347415731516e+21 9.813758932010016e+20 1.3440510255064862e+21 1.3719025287674876e+21 1.3583761507607325e+21 1.1408874143414218e+21 1.1162866254833167e+21 23.62278785730797 77.97572023855254 24.313922387403814 125.91243048326433
0.89 1.7869206632214495e+21 1.24099623221247e+21 9.759956670019459e+20 1.3419048568691777e+21 1.3653475498729333e+21 1.3542473641653203e+21 1.1346160417354784e+21 1.1135298235179996e+21 21.699442048214244 71.62337846524504 22.330662443605245 115.65348295706454
0.9 1.7837669948404146e+21 1.2371577228517882e+21 9.706154408028901e+20 1.339758688231869e+21 1.3587925709783784e+21 1.3501185775699087e+21 1.128344669129535e+21 1.1107730215526826e+21 19.768046501400654 65.24509822577772 20.339752880953007 105.35289760813137
0.91 1.7806133264593807e+21 1.2333192134911063e+21 9.652352146038342e+20 1.3376125195945606e+21 1.3522375920838239e+21 1.3459897909744967e+21 1.1220732965235915e+21 1.1080162195873653e+21 17.828550575302266 58.84072032363178 18.341149355986985 95.01042025492103
0.92 1.7774596580783458e+21 1.2294807041304245e+21 9.598549884047783e+20 1.335466350957252e+21 1.3456826131892695e+21 1.3418610043790846e+21 1.1158019239176482e+21 1.1052594176220481e+21 15.880903202674453 52.410084256866156 16.334807181848827 84.62579464138943
0.93 1.7743059896973116e+21 1.225642194769743e+21 9.544747622057226e+20 1.3333201823199435e+21 1.339127634294715e+21 1.3377322177836726e+21 1.1095305513117048e+21 1.1025026156567311e+21 13.92505288611079 45.95302820470954 14.320681324951344 74.19876241577167
0.9400000000000001 1.7711523213162775e+21 1.221803685409061e+21 9.490945360066668e+20 1.3311740136826347e+21 1.33257265540016e+21 1.333603431188261e+21 1.1032591787057613e+21 1.0997458136914141e+21 11.960947693504204 39.46938901398651 12.298726401609134 63.72906310909985
0.9500000000000001 1.7679986529352428e+21 1.2179651760483795e+21 9.43714309807611e+20 1.3290278450453262e+21 1.3260176765056055e+21 1.3294746445928488e+21 1.0969878060998182e+21 1.0969890117260968e+21 9.988535253450507 32.959002185375745 10.268896674629788 53.21643411345604
0.96 1.7648449845542086e+21 1.2141266666876976e+21 9.38334083608555e+20 1.3268816764080176e+21 1.319462697611051e+21 1.3253458579974371e+21 1.0907164334938747e+21 1.0942322097607798e+21 8.007762750593534 26.421701859497965 8.231146049865236 42.66061065995674
0.97 1.7616913161731745e+21 1.2102881573270158e+21 9.329538574094993e+20 1.324735507770709e+21 1.3129077187164963e+21 1.3212170714020252e+21 1.0844450608879314e+21 1.0914754077954627e+21 6.018576920910842 19.857320802830525 6.185428072722534 32.061325796463905
0.98 1.7585376477921398e+21 1.206449647966334e+21 9.275736312104436e+20 1.3225893391334003e+21 1.3063527398219417e+21 1.3170882848066133e+21 1.0781736882819882e+21 1.0887186058301454e+21 4.0209240469394105 13.26569039344737 4.131695924633849 21.418310365020627
0.99 1.7553839794111056e+21 1.202611138605652e+21 9.221934050113879e+20 1.3204431704960915e+21 1.299797760927387e+21 1.3129594982112014e+21 1.0719023156760448e+21 1.0859618038648283e+21 2.014749952940073 6.6466406065802905 2.069902419484676 10.73129297900504
