log10_duration FAKE.FAKE.1500 FAKE.FAKE.2500 FAKE.FAKE.BBa FAKE.FAKE.BBb FAKE.FAKE.D4000a FAKE.FAKE.D4000b FAKE.FAKE.U FAKE.FAKE.V Hbeta_EW OIIIr_EW OIIIb_EW OIIIHbeta_EW
6.0 3.324109339606229e+20 9.347661833646164e+20 1.3744869557353206e+21 1.2066044814803266e+21 1.6486321318937764e+21 1.4026992674577284e+21 1.6227550536736797e+21 1.2323531443786566e+21 227.4511876395498 1456.669641400801 464.97435078970346 2149.0951798300543
6.1 4.0637230304924356e+20 1.195213616659286e+21 1.6893512069624997e+21 1.5797834987814592e+21 1.9465389250051826e+21 1.762830490870157e+21 1.9369988831211676e+21 1.560441319328065e+21 162.17571738671404 840.0531528694638 269.6739336407363 1271.902803896914
6.199999999999999 4.459054223164087e+20 1.358836466321478e+21 1.8846977922803365e+21 1.8391598684690813e+21 2.1515304525846164e+21 2.0061199132781311e+21 2.135573709351912e+21 1.785939604592304e+21 126.51766127957332 578.1137473514818 186.6463697327044 891.2777783637596
6.299999999999999 4.733545778827122e+20 1.517729928289034e+21 2.071740984941519e+21 2.130740655850774e+21 2.3709263386291717e+21 2.2697731660119532e+21 2.3291467473578067e+21 2.0357611127316878e+21 90.74074440531719 366.7910622981032 116.3967151596962 573.9285218631167
6.399999999999999 4.2339026496379775e+20 1.4094792899141978e+21 1.9597622709707974e+21 2.1326488640164588e+21 2.3345591698944232e+21 2.2468051418565721e+21 2.202485494546736e+21 2.0607521750338183e+21 75.585340265071 398.5002930333368 123.69194030490341 597.7775736033111
6.499999999999998 3.267980310444764e+20 1.1062937997904088e+21 1.5813226518614062e+21 1.870682917247237e+21 1.995388080877612e+21 1.9510088021991801e+21 1.817556030512998e+21 1.8645573486055813e+21 63.494358271208796 376.09723665418323 115.63594366430402 555.227538589696
6.599999999999998 2.416363342682406e+20 7.933793103855263e+20 1.107509777397482e+21 1.290713534851325e+21 1.3645431777113269e+21 1.3441770277256202e+21 1.2642518760796096e+21 1.2889186163380044e+21 60.585226914682096 313.3670494547068 97.46365754579463 471.41593391518353
6.6999999999999975 1.8062490068546837e+20 5.884291366086337e+20 8.051623604486075e+20 9.829005461629092e+20 1.0029514004679649e+21 1.0120582428190983e+21 9.225212837324995e+20 1.0343118030194163e+21 44.078120090377084 184.84243170351127 58.2044148662253 287.12496666011367
6.799999999999997 1.3004912931629013e+20 4.251263395512358e+20 5.772743260129714e+20 7.311504355574266e+20 7.322439706967617e+20 7.460071660334253e+20 6.632946459342576e+20 8.062513122249076e+20 32.460123387485 147.17765365494643 46.03273193740974 225.67050897984117
6.899999999999997 9.347808851644996e+19 3.144441058561493e+20 4.2586635209597334e+20 5.633923378562458e+20 5.5400364788222735e+20 5.6948931784446404e+20 4.9344309213064534e+20 6.88172573338537e+20 21.678105000096377 118.91712767718836 36.56107654692977 177.1563092242145
6.9999999999999964 6.46225128688888e+19 2.2266829812237913e+20 3.0764501270956075e+20 4.2494425463581796e+20 4.0724562225967504e+20 4.2614225037705576e+20 3.577189933757379e+20 5.37739929240771e+20 16.69312420565849 111.0516850004149 33.32609900610777 161.07090821218117
7.099999999999996 4.552223746213981e+19 1.621885290638653e+20 2.3062157950106875e+20 3.355519439591071e+20 3.093158481231651e+20 3.333041217964481e+20 2.6718731125312743e+20 4.3131497500375056e+20 12.114240409589451 87.02206321697399 25.348050209959602 124.48435383652304
7.199999999999996 3.301617519565023e+19 1.2269349487921639e+20 1.843335814736581e+20 2.983206693469147e+20 2.6366820192348465e+20 2.9335826008189207e+20 2.18066837417439e+20 3.5922130535513267e+20 7.744133053557707 56.21356783762549 16.318786533958985 80.27648742514218
7.299999999999995 2.4288071747607785e+19 9.373883533613085e+19 1.5178422970358953e+20 2.8540658941305415e+20 2.439490836577776e+20 2.788931609139357e+20 1.896505533135765e+20 3.381146559168656e+20 4.897326653217146 29.32464366181465 8.641829293392636 42.86379960842443
7.399999999999995 1.8861525700926296e+19 7.355987553818186e+19 1.2243628286983755e+20 2.4441370022914687e+20 2.0342024239799042e+20 2.375832736729172e+20 1.552816604382128e+20 2.826265868862531e+20 3.782387937645239 19.845804988038797 5.869875146136954 29.498068071820988
7.499999999999995 1.4768946003705836e+19 5.88743226616648e+19 1.0291773172280368e+20 2.2384553509966394e+20 1.8190375093361266e+20 2.166159932338949e+20 1.3460258711760026e+20 2.5618879112101177e+20 2.774921286675713 12.70441042193301 3.797619900388594 19.27695160899732
7.599999999999994 1.1554207466152729e+19 4.704050536979798e+19 8.60904942099763e+19 2.00091012632329e+20 1.5722092451074874e+20 1.9267644688869268e+20 1.1451223473728368e+20 2.366731323026712e+20 2.298571801853823 9.131479115141328 2.7548119203829002 14.184862837378052
7.699999999999994 8.998455949346499e+18 3.770882999548275e+19 7.279885350878566e+19 1.7860996905671243e+20 1.3655211929402019e+20 1.7120657823526106e+20 9.814319627672101e+19 2.1089097396811815e+20 1.9772959681599966 5.841388324645378 1.7766468994257414 9.595331192231116
7.799999999999994 6.775275463824242e+18 2.9262452043339674e+19 5.973034167591162e+19 1.5287712190750176e+20 1.1292956535401443e+20 1.459271935656384e+20 8.082005746629922e+19 1.9361074882244248e+20 1.3426133450287132 2.9782096322493614 0.9135103691573008 5.234333346435376
7.899999999999993 5.305330292138929e+18 2.3703143571656434e+19 5.091668388884401e+19 1.3320849581541319e+20 9.687384216845414e+19 1.2683815773312955e+20 6.90507477773409e+19 1.681633841434753e+20 0.9951318657386449 1.8353323986267336 0.5649019176571634 3.395366182022542
7.999999999999993 4.1287250065978117e+18 1.915039780315771e+19 4.283297309939404e+19 1.1470474287274025e+20 8.196414881950648e+19 1.0907364213400555e+20 5.829408251139498e+19 1.5306826388515776e+20 0.9068360068128947 1.547159648494857 0.4771475634650458 2.9311432187727977
8.099999999999993 2.9631851899969347e+18 1.443220178701796e+19 3.420079518740868e+19 9.818059234954574e+19 6.818253243209438e+19 9.305198722551266e+19 4.7666253903074435e+19 1.383268494440524e+20 0.788375790438641 1.6481265352875323 0.5108480817825154 2.9473504075086887
8.199999999999992 2.2009057798699878e+18 1.1390035437403822e+19 2.8123821644348707e+19 8.537749926276941e+19 5.94348280661867e+19 8.066590920439395e+19 4.04251104172553e+19 1.1382535127267774e+20 0.5754504488574038 0.7309914018857768 0.22906474887678957 1.5355065996199704
8.299999999999992 1.4816697772944458e+18 8.192044156480349e+18 2.204773033612047e+19 7.44199830262297e+19 4.9321354521518285e+19 6.994580665747141e+19 3.2822008447419404e+19 1.0458430965219326e+20 0.38084622104599386 0.40765189438528976 0.12865582595231012 0.9171539413835937
8.399999999999991 9.69172758996238e+17 5.806888409502328e+18 1.6893420703442672e+19 6.2395010747716125e+19 3.980832601900032e+19 5.833126665823824e+19 2.5968893290229195e+19 9.080557930227699e+19 0.27830426639932276 0.2924434114601801 0.09263764593746696 0.6633853237969698
8.499999999999991 6.282864384289586e+17 4.26057175580476e+18 1.3374762915244087e+19 5.3703201620087415e+19 3.3530680616815354e+19 4.983894437831441e+19 2.132360230663052e+19 7.287987272236902e+19 0.19897767546984918 0.21126993668246513 0.06757310238439065 0.477820714536705
8.59999999999999 3.230787281477134e+17 2.7130946852429727e+18 9.937256694534105e+18 4.376258797984752e+19 2.5214258558629495e+19 4.035901606571911e+19 1.6061427244360251e+19 6.999941513681076e+19 0.12799810447488236 0.15963618333684645 0.05070417257314545 0.33833846038487425
8.69999999999999 1.6123993576825658e+17 1.8502138465383066e+18 7.739142525803664e+18 3.576804880632533e+19 1.975341059564876e+19 3.2762458191962255e+19 1.2584482929371267e+19 5.806792356491806e+19 0.07490226465764038 0.05386564802850727 0.017208325697715073 0.14597623838386273
8.79999999999999 7.897044596568949e+16 1.2250008744606198e+18 6.01796157664947e+18 2.7975007465523864e+19 1.47556050191599e+19 2.5673349478497374e+19 9.61233441925666e+18 5.474725549810639e+19 0.05176275516223905 0.0638748604997746 0.020187638152295843 0.1358252538143095
8.89999999999999 3.297687227511131e+16 8.343432203281206e+17 4.758751229141805e+18 2.183028338813404e+19 1.1466020231418307e+19 2.0115828479870247e+19 7.5381027881381e+18 4.7937713638787916e+19 0.03922120204738578 0.055362007515283126 0.017278958934634988 0.1118621684973039
8.99999999999999 1.1348092408058526e+16 5.332476867080461e+17 3.808777829205331e+18 1.6561050943917183e+19 8.702266534820853e+18 1.5330405334209999e+19 5.873070643647015e+18 3.5445222434849604e+19 0.03468140231649178 0.04040999064799828 0.012763902753202843 0.0878552957176929
9.099999999999989 6538035774016305.0 3.530477662357062e+17 3.0714619734406636e+18 1.254379080531336e+19 6.635189177321497e+18 1.1645232166084377e+19 4.5961589646682947e+18 2.4900398859174875e+19 0.012975193633589127 0.0068662998529646045 0.0022007191201759008 0.02204221260672963
9.199999999999989 4416555846030925.0 2.241277823371102e+17 2.365955145096765e+18 9.586405119996762e+18 4.890845772403486e+18 8.964513743181807e+18 3.475339428657097e+18 2.3090740088700092e+19 0.02422852298353807 0.02725630088567524 0.008574769438088489 0.0600595933073018
9.299999999999988 2690044132755064.5 1.4313802429148666e+17 1.7752767607966377e+18 7.095595923925938e+18 3.533551409425842e+18 6.660944004390959e+18 2.561707611434439e+18 1.8532789217169904e+19 0.03179783815230553 0.04034561240930187 0.012606175865528481 0.08474962642713588
9.399999999999988 1085877263298347.9 8.524162211007381e+16 1.2963627876954294e+18 5.260180383301933e+18 2.4862669874689695e+18 4.954204434447269e+18 1.8490446819318282e+18 1.4753580866297192e+19 0.0316854998143501 0.03663840999283054 0.01138219251364933 0.07970610232082997
9.499999999999988 501889185833864.3 5.2728074313443416e+16 9.353787468697289e+17 3.850957785368591e+18 1.7415076180663923e+18 3.6356518247704955e+18 1.3224187791635643e+18 1.1420138816388618e+19 0.027823600858883347 0.026599257542499904 0.008234604927615592 0.06265746332899884
9.599999999999987 231587831730529.4 3.2121709469817972e+16 6.710464310604311e+17 2.8329693197862267e+18 1.221096054251638e+18 2.6819352460205583e+18 9.456388965201208e+17 8.855570716902543e+18 0.03312409565587043 0.029428861341379158 0.00910608283516191 0.0716590398324115
9.699999999999987 137279679579625.72 2.0029432403795584e+16 4.947803592951933e+17 2.1378862100457764e+18 8.799732684837883e+17 2.0289322819100193e+18 6.949007720974661e+17 6.989150277486197e+18 0.03733586269629952 0.03003660837623827 0.009243106330951422 0.0766155774034892
9.799999999999986 95847010019516.2 1.4630835235704634e+16 3.9282077507031917e+17 1.7169959061178225e+18 6.926007010908751e+17 1.6313501989543444e+18 5.514032181325572e+17 5.661145444845897e+18 0.02498072757589717 0.010088639086897241 0.003101866464028627 0.03817123312682304
9.899999999999986 56053829659742.92 1.0210460737462228e+16 2.7458917133078282e+17 1.1438595863499731e+18 4.765546803684955e+17 1.0861199992447556e+18 3.797497380571753e+17 3.4751312952840914e+18 0.03866312389395364 0.017497148827133237 0.005397397779854646 0.061557670500941526
9.999999999999986 56053829659742.92 1.0210460737462228e+16 2.7458917133078282e+17 1.1438595863499731e+18 4.765546803684955e+17 1.0861199992447556e+18 3.797497380571753e+17 3.4751312952840914e+18 0.03866312389395364 0.017497148827133237 0.005397397779854646 0.061557670500941526
