fesc FAKE.FAKE.1500 FAKE.FAKE.2500 FAKE.FAKE.BBa FAKE.FAKE.BBb FAKE.FAKE.D4000a FAKE.FAKE.D4000b FAKE.FAKE.U FAKE.FAKE.V Hbeta_EW OIIIr_EW OIIIb_EW OIIIHbeta_EW
0.0 2.2493440277256028e+20 2.0800044058102474e+20 2.244586030536478e+20 5.1486157705527355e+20 4.217935098293049e+20 4.9685144527599305e+20 3.0044028055121605e+20 5.0095547035934864e+20 2.0938101481509674 2.1004859003259213 0.6541307732989102 4.848426821775799
0.01 2.2492177617744026e+20 2.0798492492692573e+20 2.2443640812927985e+20 5.1485387418995334e+20 4.217714252075995e+20 4.96835948178984e+20 3.0041072322206846e+20 5.009453742532418e+20 2.0729142449970435 2.0795171503561733 0.6476000302512644 4.800031425604481
0.02 2.249091495823202e+20 2.079694092728268e+20 2.2441421320491182e+20 5.148461713246332e+20 4.21749340585894e+20 4.9682045108197484e+20 3.0038116589292093e+20 5.0093527814713514e+20 2.052017491052432 2.058547672152381 0.6410690741168573 4.751634237321671
0.03 2.248965229872002e+20 2.079538936187278e+20 2.2439201828054385e+20 5.148384684593128e+20 4.217272559641888e+20 4.9680495398496594e+20 3.003516085637733e+20 5.0092518204102836e+20 2.0311198862651687 2.0375774656766095 0.6345379048852597 4.703235256827037
0.04 2.2488389639208013e+20 2.0793837796462884e+20 2.2436982335617588e+20 5.148307655939925e+20 4.217051713424834e+20 4.9678945688795677e+20 3.0032205123462575e+20 5.0091508593492165e+20 2.010221430583291 2.0166065308909165 0.6280065225460418 4.654834484020249
0.05 2.2487126979696014e+20 2.0792286231052983e+20 2.2434762843180787e+20 5.1482306272867215e+20 4.21683086720778e+20 4.967739597909477e+20 3.002924939054781e+20 5.009049898288149e+20 1.989322123954826 1.9956348677573603 0.621474927088773 4.6064319188009595
0.06 2.2485864320184005e+20 2.0790734665643085e+20 2.243254335074399e+20 5.1481535986335193e+20 4.2166100209907243e+20 4.967584626939387e+20 3.002629365763305e+20 5.008948937227081e+20 1.9684219663278013 1.9746624762379952 0.6149431185030223 4.558027561068819
0.07 2.2484601660672e+20 2.078918310023319e+20 2.2430323858307193e+20 5.1480765699803165e+20 4.21638917477367e+20 4.967429655969295e+20 3.00233379247183e+20 5.0088479761660137e+20 1.9475209576502361 1.9536893562948732 0.6084110967783577 4.509621410723467
0.08 2.2483339001159998e+20 2.0787631534823293e+20 2.2428104365870396e+20 5.147999541327114e+20 4.2161683285566174e+20 4.9672746849992055e+20 3.002038219180353e+20 5.008747015104946e+20 1.9266190978701494 1.9327155078900438 0.6018788619043466 4.46121346766454
0.09 2.2482076341648e+20 2.0786079969413392e+20 2.2425884873433596e+20 5.147922512673911e+20 4.215947482339563e+20 4.967119714029114e+20 3.001742645888877e+20 5.008646054043879e+20 1.905716386935552 1.9117409309855533 0.5953464138705558 4.412803731791661
0.1 2.2480813682135994e+20 2.0784528404003494e+20 2.24236653809968e+20 5.1478454840207075e+20 4.215726636122509e+20 4.9669647430590235e+20 3.001447072597401e+20 5.0085450929828115e+20 1.8848128247944542 1.8907656255434464 0.5888137526665516 4.364392203004452
0.11 2.247955102262399e+20 2.0782976838593597e+20 2.2421445888560002e+20 5.1477684553675053e+20 4.215505789905455e+20 4.9668097720889324e+20 3.001151499305926e+20 5.008444131921743e+20 1.8639084113948592 1.869789591525764 0.582280878281899 4.315978881202522
0.12 2.2478288363111986e+20 2.0781425273183702e+20 2.2419226396123205e+20 5.1476914267143025e+20 4.215284943688401e+20 4.966654801118842e+20 3.00085592601445e+20 5.008343170860676e+20 1.843003146684767 1.8488128288945456 0.5757477907061631 4.267563766285475
0.13 2.2477025703599984e+20 2.0779873707773805e+20 2.241700690368641e+20 5.1476143980610984e+20 4.2150640974713474e+20 4.966499830148752e+20 3.0005603527229735e+20 5.008242209799608e+20 1.822097030612174 1.8278353376118268 0.5692144899289077 4.219146858152909
0.14 2.247576304408798e+20 2.0778322142363904e+20 2.2414787411249607e+20 5.147537369407897e+20 4.214843251254293e+20 4.9663448591786607e+20 3.0002647794314976e+20 5.00814124873854e+20 1.8011900631250717 1.806857117639641 0.5626809759396965 4.170728156704409
0.15 2.2474500384575976e+20 2.0776770576954006e+20 2.2412567918812814e+20 5.1474603407546935e+20 4.214622405037239e+20 4.96618988820857e+20 2.9999692061400216e+20 5.008040287677473e+20 1.7802822441714474 1.78587816894002 0.5561472487280917 4.122307661839559
0.16 2.2473237725063968e+20 2.0775219011544108e+20 2.2410348426376013e+20 5.147383312101491e+20 4.214401558820185e+20 4.966034917238479e+20 2.999673632848546e+20 5.0079393266164046e+20 1.759373573699284 1.7648984914749917 0.5496133082836556 4.073885373457931
0.17 2.247197506555197e+20 2.0773667446134214e+20 2.2408128933939213e+20 5.1473062834482885e+20 4.214180712603131e+20 4.965879946268389e+20 2.9993780595570704e+20 5.0078383655553375e+20 1.7384640516565606 1.7439180852065805 0.5430791545959496 4.025461291459091
0.18 2.247071240603996e+20 2.0772115880724313e+20 2.240590944150242e+20 5.1472292547950844e+20 4.213959866386077e+20 4.965724975298299e+20 2.999082486265594e+20 5.007737404494271e+20 1.7175536779912521 1.7229369500968117 0.5365447876545343 3.977035415742598
0.19 2.246944974652796e+20 2.0770564315314415e+20 2.240368994906562e+20 5.147152226141883e+20 4.2137390201690227e+20 4.9655700043282075e+20 2.998786912974118e+20 5.007636443433203e+20 1.696642452651329 1.7019550861077035 0.5300102074489693 3.928607746208002
0.2 2.2468187087015952e+20 2.0769012749904518e+20 2.2401470456628825e+20 5.1470751974886795e+20 4.2135181739519685e+20 4.965415033358117e+20 2.9984913396826427e+20 5.007535482372135e+20 1.6757303755847568 1.6809724932012748 0.5234754139688144 3.880178282754846
0.21 2.2466924427503954e+20 2.0767461184494623e+20 2.2399250964192022e+20 5.146998168835477e+20 4.2132973277349144e+20 4.9652600623880254e+20 2.998195766391166e+20 5.0074345213110675e+20 1.6548174467394974 1.6599891713395407 0.5169404072036279 3.8317470252826658
0.22 2.2465661767991948e+20 2.0765909619084725e+20 2.239703147175523e+20 5.1469211401822745e+20 4.21307648151786e+20 4.965105091417935e+20 2.99790019309969e+20 5.00733356025e+20 1.6339036660635093 1.6390051204845122 0.5104051871429678 3.7833139736909893
0.23 2.2464399108479946e+20 2.0764358053674824e+20 2.2394811979318428e+20 5.146844111529071e+20 4.212855635300807e+20 4.9649501204478453e+20 2.997604619808214e+20 5.007232599188933e+20 1.6129890335047457 1.618020340598201 0.5038697537763912 3.7348791278793376
0.24 2.2463136448967937e+20 2.0762806488264927e+20 2.2392592486881637e+20 5.1467670828758676e+20 4.212634789083753e+20 4.964795149477754e+20 2.997309046516738e+20 5.007131638127865e+20 1.5920735490111553 1.597034831642613 0.49733410709345477 3.686442487747223
0.25 2.2461873789455938e+20 2.076125492285503e+20 2.2390372994444837e+20 5.1466900542226655e+20 4.2124139428666986e+20 4.9646401785076626e+20 2.997013473225263e+20 5.007030677066798e+20 1.5711572125306836 1.576048593579754 0.49079824708371445 3.638004053194152
0.26 2.246061112994393e+20 2.0759703357445135e+20 2.2388153502008033e+20 5.146613025569463e+20 4.2121930966496444e+20 4.964485207537574e+20 2.9967178999337864e+20 5.00692971600573e+20 1.5502400240112713 1.5550616263716244 0.48426217373672537 3.589563824119621
0.27 2.245934847043193e+20 2.0758151792035234e+20 2.238593400957124e+20 5.14653599691626e+20 4.21197225043259e+20 4.9643302365674806e+20 2.996422326642311e+20 5.006828754944662e+20 1.5293219834008547 1.5340739299802242 0.4777258870420419 3.541121800423121
0.28 2.2458085810919922e+20 2.0756600226625336e+20 2.238371451713444e+20 5.1464589682630564e+20 4.211751404215536e+20 4.964175265597392e+20 2.9961267533508346e+20 5.0067277938835954e+20 1.5084030906473664 1.51308550436755 0.4711893869892181 3.4926779820041345
0.29 2.2456823151407923e+20 2.075504866121544e+20 2.2381495024697645e+20 5.1463819396098536e+20 4.2115305579984834e+20 4.9640202946273005e+20 2.9958311800593587e+20 5.0066268328225276e+20 1.487483345698734 1.4920963494955952 0.46465267356780676 3.444232368762136
0.3 2.245556049189592e+20 2.0753497095805544e+20 2.2379275532260842e+20 5.1463049109566515e+20 4.211309711781429e+20 4.9638653236572094e+20 2.9955356067678834e+20 5.00652587176146e+20 1.4665627485028812 1.4711064653263524 0.45811574676736083 3.395784960596594
0.31 2.2454297832383916e+20 2.0751945530395646e+20 2.2377056039824048e+20 5.1462278823034474e+20 4.211088865564375e+20 4.96371035268712e+20 2.9952400334764075e+20 5.006424910700392e+20 1.4456412990077279 1.450115851821809 0.4515786065774317 3.3473357574069684
0.32 2.2453035172871907e+20 2.0750393964985745e+20 2.237483654738725e+20 5.146150853650245e+20 4.210868019347321e+20 4.963555381717029e+20 2.9949444601849315e+20 5.006323949639324e+20 1.4247189971611895 1.4291245089439506 0.44504125298757063 3.2988847590927106
0.33 2.2451772513359908e+20 2.0748842399575848e+20 2.237261705495045e+20 5.1460738249970424e+20 4.210647173130267e+20 4.9634004107469377e+20 2.994648886893455e+20 5.0062229885782576e+20 1.4037958429111768 1.4081324366547625 0.4385036859873279 3.2504319655532674
0.34 2.24505098538479e+20 2.074729083416595e+20 2.2370397562513657e+20 5.1459967963438396e+20 4.210426326913213e+20 4.963245439776847e+20 2.99435331360198e+20 5.00612202751719e+20 1.3828718362055963 1.3871396349162242 0.4319659055662535 3.201977376688074
0.35000000000000003 2.24492471943359e+20 2.0745739268756056e+20 2.2368178070076857e+20 5.1459197676906375e+20 4.2102054806961586e+20 4.963090468806756e+20 2.994057740310504e+20 5.006021066456122e+20 1.361946976992351 1.3661461036903133 0.4254279117138962 3.1535209923965604
0.36 2.2447984534823892e+20 2.0744187703346158e+20 2.236595857764006e+20 5.1458427390374334e+20 4.2099846344791045e+20 4.962935497836666e+20 2.993762167019027e+20 5.0059201053950535e+20 1.3410212652193392 1.345151842939007 0.4188897044198046 3.1050628125781508
0.37 2.244672187531189e+20 2.0742636137936257e+20 2.2363739085203263e+20 5.145765710384231e+20 4.209763788262051e+20 4.9627805268665755e+20 2.993466593727551e+20 5.0058191443339864e+20 1.3200947008344548 1.3241568526242764 0.4123512836735262 3.0566028371322576
0.38 2.244545921579989e+20 2.074108457252636e+20 2.2361519592766466e+20 5.1456886817310284e+20 4.209542942044996e+20 4.9626255558964845e+20 2.993171020436076e+20 5.005718183272919e+20 1.2991672837855879 1.3031611327080928 0.4058126494646081 3.008141065958289
0.39 2.2444196556287882e+20 2.0739533007116462e+20 2.2359300100329665e+20 5.145611653077825e+20 4.209322095827943e+20 4.962470584926394e+20 2.9928754471446e+20 5.005617222211852e+20 1.278239014020623 1.282164683152423 0.39927380178259647 2.9596774989556422
0.4 2.2442933896775877e+20 2.0737981441706567e+20 2.235708060789287e+20 5.1455346244246235e+20 4.2091012496108886e+20 4.962315613956303e+20 2.992579873853124e+20 5.005516261150784e+20 1.2573098914874428 1.2611675039192316 0.3927347406170371 2.9112121360237113
0.41000000000000003 2.2441671237263878e+20 2.0736429876296666e+20 2.2354861115456075e+20 5.1454575957714194e+20 4.2088804033938345e+20 4.962160642986212e+20 2.992284300561648e+20 5.005415300089717e+20 1.2363799161339233 1.240169594970482 0.386195465957475 2.8627449770618805
0.42 2.244040857775187e+20 2.073487831088677e+20 2.2352641623019274e+20 5.145380567118217e+20 4.2086595571767804e+20 4.962005672016121e+20 2.9919887272701716e+20 5.0053143390286486e+20 1.2154490879079385 1.2191709562681334 0.37965597779345445 2.814276021969526
0.43 2.2439145918239867e+20 2.073332674547687e+20 2.235042213058248e+20 5.1453035384650144e+20 4.208438710959726e+20 4.961850701046031e+20 2.9916931539786963e+20 5.0052133779675814e+20 1.1945174067573558 1.1981715877741421 0.37311627611451864 2.7658052706460166
0.44 2.2437883258727865e+20 2.0731775180066973e+20 2.2348202638145674e+20 5.145226509811811e+20 4.208217864742673e+20 4.96169573007594e+20 2.99139758068722e+20 5.0051124169065136e+20 1.1735848726300404 1.1771714894504632 0.366576360910211 2.7173327229907147
0.45 2.2436620599215863e+20 2.073022361465708e+20 2.2345983145708883e+20 5.145149481158608e+20 4.2079970185256187e+20 4.961540759105849e+20 2.9911020073957445e+20 5.005011455845447e+20 1.1526514854738514 1.1561706612590479 0.3600362321700734 2.6688583789029727
0.46 2.2435357939703857e+20 2.072867204924718e+20 2.2343763653272083e+20 5.1450724525054054e+20 4.2077761723085645e+20 4.9613857881357576e+20 2.990806434104268e+20 5.004910494784379e+20 1.1317172452366457 1.1351691031618452 0.35349588988364755 2.6203822382821382
0.47000000000000003 2.2434095280191855e+20 2.072712048383728e+20 2.234154416083529e+20 5.144995423852201e+20 4.207555326091511e+20 4.961230817165668e+20 2.9905108608127926e+20 5.004809533723311e+20 1.1107821518662744 1.1141668151208017 0.3469553340404742 2.5719043010275504
0.48 2.243283262067985e+20 2.0725568918427386e+20 2.2339324668398492e+20 5.144918395198999e+20 4.207334479874456e+20 4.9610758461955775e+20 2.990215287521317e+20 5.0047085726622437e+20 1.0898462053105848 1.0931637970978614 0.34041456463009373 2.52342456703854
0.49 2.2431569961167847e+20 2.0724017353017485e+20 2.233710517596169e+20 5.144841366545797e+20 4.207113633657403e+20 4.960920875225487e+20 2.98991971422984e+20 5.004607611601176e+20 1.0689094055174198 1.0721600490549648 0.33387358164204534 2.47494303621443
0.5 2.2430307301655842e+20 2.072246578760759e+20 2.233488568352489e+20 5.1447643378925935e+20 4.206892787440349e+20 4.960765904255397e+20 2.989624140938364e+20 5.004506650540109e+20 1.0479717524346186 1.0511555709540508 0.3273323850658681 2.426459708454537
0.51 2.2429044642143837e+20 2.0720914222197693e+20 2.2332666191088094e+20 5.1446873092393914e+20 4.206671941223294e+20 4.9606109332853064e+20 2.989328567646888e+20 5.004405689479041e+20 1.0270332460100158 1.0301503627570545 0.32079097489109987 2.3779745836581703
0.52 2.2427781982631834e+20 2.0719362656787792e+20 2.23304466986513e+20 5.144610280586187e+20 4.2064510950062404e+20 4.960455962315215e+20 2.989032994355413e+20 5.004304728417973e+20 1.0060938861914412 1.0091444244259098 0.3142493511072784 2.329487661724629
0.53 2.242651932311983e+20 2.0717811091377894e+20 2.2328227206214497e+20 5.144533251932985e+20 4.206230248789186e+20 4.9603009913451237e+20 2.988737421063937e+20 5.004203767356906e+20 0.9851536729267215 0.9881377559225472 0.3077075137039402 2.2809989425532087
0.54 2.2425256663607827e+20 2.0716259525967997e+20 2.2326007713777703e+20 5.144456223279783e+20 4.206009402572132e+20 4.9601460203750326e+20 2.9884418477724605e+20 5.0041028062958374e+20 0.9642126061636778 0.9671303572088942 0.30116546267062144 2.2325084260431933
0.55 2.242399400409582e+20 2.0714707960558102e+20 2.2323788221340906e+20 5.1443791946265795e+20 4.205788556355078e+20 4.959991049404943e+20 2.988146274480985e+20 5.0040018452347696e+20 0.9432706858501285 0.9461222282468759 0.29462319799685754 2.184016112093862
0.56 2.242273134458382e+20 2.07131563951482e+20 2.2321568728904103e+20 5.144302165973377e+20 4.205567710138024e+20 4.9598360784348525e+20 2.987850701189509e+20 5.003900884173703e+20 0.9223279119338864 0.9251133689984151 0.2880807196721832 2.135522000604485
0.5700000000000001 2.2421468685071814e+20 2.0711604829738303e+20 2.231934923646731e+20 5.144225137320173e+20 4.20534686392097e+20 4.9596811074647615e+20 2.9875551278980334e+20 5.003799923112635e+20 0.9013842843627609 0.904103779425432 0.2815380276861323 2.087026091474325
0.58 2.2420206025559812e+20 2.0710053264328406e+20 2.231712974403051e+20 5.1441481086669704e+20 4.205126017703917e+20 4.9595261364946705e+20 2.9872595546065574e+20 5.003698962051568e+20 0.8804398030845565 0.8830934594898435 0.27499512202823845 2.0385283846026385
0.59 2.2418943366047806e+20 2.0708501698918508e+20 2.2314910251593715e+20 5.144071080013768e+20 4.204905171486863e+20 4.959371165524581e+20 2.986963981315081e+20 5.0035980009905e+20 0.8594944680470734 0.8620824091535644 0.268452002688034 1.9900288798886718
0.6 2.2417680706535804e+20 2.070695013350861e+20 2.2312690759156918e+20 5.1439940513605655e+20 4.204684325269809e+20 4.959216194554489e+20 2.9866684080236056e+20 5.003497039929432e+20 0.8385482791981087 0.8410706283785063 0.26190866965505116 1.9415275772316662
0.61 2.24164180470238e+20 2.070539856809871e+20 2.2310471266720124e+20 5.143917022707363e+20 4.2044634790527546e+20 4.9590612235843994e+20 2.9863728347321296e+20 5.003396078868366e+20 0.8176012364854539 0.8200581171265785 0.2553651229188211 1.8930244765308535
0.62 2.2415155387511797e+20 2.070384700268882e+20 2.230825177428332e+20 5.143839994054159e+20 4.2042426328357005e+20 4.958906252614308e+20 2.986077261440653e+20 5.0032951178072975e+20 0.7966533398568968 0.7990448753596882 0.24882136246887446 1.8445195776854595
0.63 2.2413892727999798e+20 2.0702295437278917e+20 2.2306032281846523e+20 5.1437629654009564e+20 4.2040217866186464e+20 4.958751281644217e+20 2.985781688149177e+20 5.0031941567462303e+20 0.7757045892602209 0.7780309030397394 0.24227738829474119 1.7960128805947013
0.64 2.241263006848779e+20 2.070074387186902e+20 2.2303812789409726e+20 5.143685936747753e+20 4.203800940401592e+20 4.958596310674126e+20 2.985486114857702e+20 5.003093195685163e+20 0.7547549846432058 0.757016200128633 0.23573320038595047 1.7475043851577894
0.65 2.2411367408975784e+20 2.0699192306459125e+20 2.2301593296972926e+20 5.1436089080945515e+20 4.203580094184538e+20 4.958441339704035e+20 2.985190541566226e+20 5.002992234624095e+20 0.7338045259536262 0.7360007665882681 0.2291887987320309 1.6989940912739252
0.66 2.241010474946378e+20 2.0697640741049224e+20 2.229937380453613e+20 5.143531879441349e+20 4.2033592479674846e+20 4.958286368733945e+20 2.98489496827475e+20 5.002891273563028e+20 0.712853213139253 0.7149846023805404 0.22264418332251032 1.6504819988423036
0.67 2.2408842089951783e+20 2.0696089175639327e+20 2.2297154312099335e+20 5.143454850788145e+20 4.2031384017504305e+20 4.9581313977638545e+20 2.984599394983275e+20 5.00279031250196e+20 0.6919010461478525 0.6939677074673439 0.21609935414691592 1.6019681077621124
0.68 2.2407579430439774e+20 2.069453761022943e+20 2.2294934819662538e+20 5.1433778221349424e+20 4.2029175555333764e+20 4.957976426793764e+20 2.984303821691798e+20 5.0026893514408926e+20 0.6709480249271871 0.6729500818105691 0.20955431119477422 1.5534524179325304
0.6900000000000001 2.2406316770927775e+20 2.069298604481953e+20 2.2292715327225738e+20 5.143300793481739e+20 4.202696709316322e+20 4.9578214558236724e+20 2.984008248400322e+20 5.0025883903798254e+20 0.6499941494250148 0.6519317253721041 0.20300905445561102 1.5049349292527299
0.7000000000000001 2.2405054111415766e+20 2.0691434479409637e+20 2.2290495834788938e+20 5.143223764828537e+20 4.202475863099268e+20 4.957666484853583e+20 2.9837126751088456e+20 5.002487429318757e+20 0.6290394195890892 0.6309126381138341 0.19646358391895147 1.4564156416218748
0.71 2.2403791451903767e+20 2.068988291399974e+20 2.228827634235214e+20 5.143146736175334e+20 4.202255016882214e+20 4.957511513883491e+20 2.9834171018173704e+20 5.002386468257691e+20 0.6080838353671599 0.6098928199976426 0.18991789957432006 1.4078945549391224
0.72 2.240252879239176e+20 2.0688331348589838e+20 2.2286056849915344e+20 5.143069707522131e+20 4.20203417066516e+20 4.9573565429134007e+20 2.983121528525894e+20 5.002285507196622e+20 0.5871273967069718 0.5888722709854093 0.1833720014112405 1.3593716691036217
0.73 2.2401266132879756e+20 2.068677978317994e+20 2.2283837357478547e+20 5.1429926788689284e+20 4.201813324448106e+20 4.9572015719433096e+20 2.982825955234418e+20 5.002184546135555e+20 0.566170103556266 0.5678509910390114 0.17682588941923577 1.3108469840145132
0.74 2.240000347336775e+20 2.0685228217770043e+20 2.2281617865041746e+20 5.142915650215725e+20 4.201592478231052e+20 4.95704660097322e+20 2.9825303819429426e+20 5.0020835850744876e+20 0.5452119558627792 0.5468289801203245 0.17027956358782842 1.262320499570932
0.75 2.239874081385575e+20 2.068367665236015e+20 2.2279398372604953e+20 5.142838621562522e+20 4.201371632013998e+20 4.9568916300031295e+20 2.9822348086514667e+20 5.00198262401342e+20 0.5242529535742436 0.5258062381912204 0.16373302390654007 1.213792215672004
0.76 2.2397478154343747e+20 2.0682125086950244e+20 2.2277178880168152e+20 5.1427615929093194e+20 4.2011507857969453e+20 4.956736659033038e+20 2.981939235359991e+20 5.001881662952352e+20 0.5032930966383876 0.5047827652135688 0.15718627036489183 1.1652621322168484
0.77 2.2396215494831745e+20 2.068057352154035e+20 2.2274959387731355e+20 5.142684564256117e+20 4.20092993957989e+20 4.9565816880629475e+20 2.981643662068515e+20 5.0017807018912835e+20 0.4823323850029348 0.48375856114923665 0.15063930295240396 1.1167302491045754
0.78 2.2394952835319736e+20 2.0679021956130452e+20 2.2272739895294555e+20 5.1426075356029144e+20 4.200709093362836e+20 4.9564267170928565e+20 2.981348088777039e+20 5.001679740830217e+20 0.46137081861560514 0.46273362596008805 0.14409212165859617 1.0681965662342894
0.79 2.2393690175807737e+20 2.0677470390720555e+20 2.2270520402857758e+20 5.142530506949711e+20 4.2004882471457817e+20 4.956271746122766e+20 2.981052515485563e+20 5.00157877976915e+20 0.44040839742411386 0.44170795960798487 0.1375447264729874 1.019661083505086
0.8 2.2392427516295728e+20 2.067591882531066e+20 2.2268300910420964e+20 5.142453478296508e+20 4.2002674009287275e+20 4.956116775152676e+20 2.980756942194087e+20 5.001477818708082e+20 0.41944512137617196 0.4206815620547858 0.13099711738509595 0.9711238008160538
0.81 2.2391164856783726e+20 2.0674367259900756e+20 2.2266081417984167e+20 5.1423764496433054e+20 4.2000465547116734e+20 4.955961804182585e+20 2.980461368902611e+20 5.001376857647014e+20 0.39848099041948615 0.39965443326234734 0.1244492943844394 0.9225847180662728
0.8200000000000001 2.238990219727172e+20 2.067281569449086e+20 2.226386192554737e+20 5.142299420990103e+20 4.199825708494619e+20 4.9558068332124937e+20 2.980165795611135e+20 5.0012758965859464e+20 0.37751600450175926 0.3786265731925231 0.11790125746053476 0.8740438351548171
0.8300000000000001 2.238863953775972e+20 2.0671264129080964e+20 2.2261642433110567e+20 5.1422223923369004e+20 4.1996048622775665e+20 4.955651862242403e+20 2.979870222319659e+20 5.001174935524879e+20 0.3565501635706894 0.35759798180716407 0.11135300660289814 0.8255011519807516
0.84 2.2387376878247713e+20 2.0669712563671066e+20 2.225942294067377e+20 5.142145363683697e+20 4.1993840160605123e+20 4.955496891272313e+20 2.979574649028183e+20 5.001073974463812e+20 0.3355834675739709 0.3365686590681188 0.10480454180104522 0.7769566684431348
0.85 2.2386114218735714e+20 2.0668160998261172e+20 2.2257203448236972e+20 5.142068335030494e+20 4.199163169843458e+20 4.9553419203022225e+20 2.979279075736708e+20 5.0009730134027436e+20 0.314615916459293 0.31553860493723257 0.09825586304449069 0.7284103844410162
0.86 2.2384851559223706e+20 2.0666609432851268e+20 2.2254983955800172e+20 5.1419913063772914e+20 4.198942323626404e+20 4.955186949332131e+20 2.9789835024452315e+20 5.0008720523416764e+20 0.29364751017434143 0.2945078193763487 0.09170697032274887 0.6798622998734389
0.87 2.2383588899711703e+20 2.0665057867441373e+20 2.225276446336338e+20 5.141914277724088e+20 4.19872147740935e+20 4.9550319783620405e+20 2.978687929153755e+20 5.0007710912806086e+20 0.27267824866679746 0.27347630234730747 0.08515786362533316 0.6313124146394381
0.88 2.2382326240199698e+20 2.0663506302031476e+20 2.2250544970926578e+20 5.141837249070885e+20 4.1985006311922965e+20 4.9548770073919495e+20 2.9783923558622796e+20 5.0006701302195415e+20 0.2517081318843379 0.25244405381194657 0.07860854294175641 0.5827607286380408
0.89 2.23810635806877e+20 2.0661954736621578e+20 2.2248325478489784e+20 5.1417602204176817e+20 4.198279784975242e+20 4.95472203642186e+20 2.978096782570804e+20 5.000569169158474e+20 0.2307371597746356 0.2314110737321013 0.07205900826153074 0.5342072417682676
0.9 2.237980092117569e+20 2.066040317121168e+20 2.224610598605298e+20 5.141683191764479e+20 4.1980589387581876e+20 4.954567065451768e+20 2.977801209279328e+20 5.000468208097406e+20 0.20976533228535896 0.21037736206960386 0.06550925957416757 0.4856519539291304
0.91 2.237853826166369e+20 2.0658851605801782e+20 2.224388649361619e+20 5.1416061631112774e+20 4.197838092541134e+20 4.954412094481678e+20 2.977505635987852e+20 5.0003672470363387e+20 0.18879264936417206 0.18934291878628415 0.058959296869177696 0.4370948650196339
0.92 2.2377275602151683e+20 2.0657300040391885e+20 2.224166700117939e+20 5.141529134458074e+20 4.1976172463240793e+20 4.954257123511587e+20 2.977210062696376e+20 5.00026628597527e+20 0.1678191109587348 0.16830774384396927 0.052409120136071116 0.3885359749387752
0.93 2.237601294263968e+20 2.0655748474981987e+20 2.223944750874259e+20 5.141452105804871e+20 4.197396400107026e+20 4.954102152541496e+20 2.9769144894049e+20 5.000165324914203e+20 0.14684471701670276 0.14727183720448359 0.04585872936435727 0.33997528358554363
0.9400000000000001 2.237475028312768e+20 2.065419690957209e+20 2.2237228016305796e+20 5.141375077151669e+20 4.197175553889972e+20 4.953947181571406e+20 2.976618916113424e+20 5.000064363853136e+20 0.12586946748572733 0.12623519882964898 0.03930812454354481 0.29141279085892113
0.9500000000000001 2.2373487623615676e+20 2.0652645344162195e+20 2.2235008523869e+20 5.141298048498465e+20 4.1969547076729176e+20 4.953792210601315e+20 2.976323342821948e+20 4.999963402792069e+20 0.10489336231345557 0.10519782868128458 0.03275730566314176 0.24284849665788188
0.96 2.237222496410367e+20 2.065109377875229e+20 2.22327890314322e+20 5.141221019845263e+20 4.1967338614558635e+20 4.9536372396312245e+20 2.9760277695304715e+20 4.999862441731001e+20 0.08391640144753047 0.08415972672120711 0.026206272712655514 0.1942824008813931
0.97 2.2370962304591666e+20 2.0649542213342396e+20 2.22305695389954e+20 5.14114399119206e+20 4.19651301523881e+20 4.953482268661133e+20 2.975732196238996e+20 4.999761480669934e+20 0.06293858483559009 0.06312089291122992 0.019655025681592567 0.14571450342841258
0.98 2.2369699645079663e+20 2.06479906479325e+20 2.2228350046558608e+20 5.1410669625388564e+20 4.196292169021756e+20 4.953327297691043e+20 2.975436622947521e+20 4.999660519608865e+20 0.04195991242526897 0.04208132721316445 0.013103564559458936 0.09714480419789236
0.99 2.2368436985567655e+20 2.06464390825226e+20 2.2226130554121807e+20 5.140989933885653e+20 4.196071322804702e+20 4.953172326720953e+20 2.9751410496560444e+20 4.999559558547799e+20 0.020980384164197032 0.021041029588819184 0.006551889335759886 0.0485733030887761
