log10_duration FAKE.FAKE.1500 FAKE.FAKE.2500 FAKE.FAKE.BBa FAKE.FAKE.BBb FAKE.FAKE.D4000a FAKE.FAKE.D4000b FAKE.FAKE.U FAKE.FAKE.V Hbeta_EW OIIIr_EW OIIIb_EW OIIIHbeta_EW
6.0 2.0437671902943338e+21 2.8056937744884763e+21 3.0103576240416427e+21 2.3189990735362133e+21 3.3623808121735526e+21 2.720389549914817e+21 3.4329388358821714e+21 2.0293888258416053e+21 227.4511876395498 1456.6696414008013 464.97435078970364 2149.095179830055
6.1 2.498149143818147e+21 3.5883946727339474e+21 3.700130206228668e+21 3.0362224047206637e+21 3.970487895551865e+21 3.4179077242480576e+21 4.1021079638191794e+21 2.5710611437067237e+21 162.175717386714 840.0531528694638 269.6739336407363 1271.902803896914
6.199999999999999 2.7431576834142194e+21 4.079838716090858e+21 4.128100670552042e+21 3.5347230317039966e+21 4.3888026732052595e+21 3.889014293083067e+21 4.524471649262715e+21 2.9435128660476245e+21 126.51766127957333 578.1137473514818 186.64636973270436 891.2777783637595
6.299999999999999 2.9140395237355327e+21 4.5566575733863214e+21 4.537890606219507e+21 4.095114983526766e+21 4.836382214816863e+21 4.3994056813908643e+21 4.935686486401469e+21 3.35634191468497e+21 90.7407444053172 366.7910622981032 116.3967151596962 573.9285218631167
6.399999999999999 2.6059751731014266e+21 4.229464184158568e+21 4.2926878451981327e+21 4.0987534848102844e+21 4.761819514702025e+21 4.354534610455804e+21 4.6653316695335245e+21 3.397415066728347e+21 75.58534026507101 398.50029303333685 123.6919403049034 597.7775736033113
6.499999999999998 2.012217017972986e+21 3.318000563580444e+21 3.4638103318805673e+21 3.595255835833631e+21 4.0698857190497646e+21 3.78095553243251e+21 3.8463595476028154e+21 3.073237023433394e+21 63.4943582712088 376.0972366541832 115.63594366430405 555.2275385896961
6.599999999999998 1.48980321884474e+21 2.3807116053430744e+21 2.426041084037398e+21 2.4806192978980493e+21 2.7832361890131083e+21 2.6049300484238984e+21 2.6764894005169577e+21 2.1243946089706658e+21 60.585226914682075 313.36704945470666 97.46365754579463 471.4159339151834
6.6999999999999975 1.1144403132533826e+21 1.7662300902717708e+21 1.7637287705160977e+21 1.8890291720858478e+21 2.0457406533397633e+21 1.9611469050163836e+21 1.9528591319553157e+21 1.7042822933718195e+21 44.078120090377084 184.84243170351127 58.20441486622531 287.12496666011367
6.799999999999997 8.029642955925064e+20 1.275947392393855e+21 1.2645118154281687e+21 1.405190469303066e+21 1.493497507983544e+21 1.445501487122949e+21 1.403830947321764e+21 1.3281357218034968e+21 32.460123387485 147.17765365494643 46.03273193740973 225.67050897984114
6.899999999999997 5.769046696385545e+20 9.436097386835885e+20 9.328474742011255e+20 1.0827746271321478e+21 1.1298763435480288e+21 1.1033906000245718e+21 1.0439871398603006e+21 1.1327927009771731e+21 21.678105000096377 118.91712767718836 36.56107654692977 177.1563092242145
6.9999999999999964 3.985140355588288e+20 6.679056950739775e+20 6.738758355976058e+20 8.166869105115951e+20 8.304656882369507e+20 8.256023710928075e+20 7.566173063881425e+20 8.850074874016246e+20 16.69312420565849 111.05168500041492 33.326099006107775 161.07090821218117
7.099999999999996 2.805076234404166e+20 4.8622168614809534e+20 5.051493044475692e+20 6.448787877207993e+20 6.306663331079457e+20 6.456885065330697e+20 5.6502706269150354e+20 7.098348094366009e+20 12.114240409589453 87.02206321697398 25.3480502099596 124.48435383652303
7.199999999999996 2.031388375047793e+20 3.6748777288201594e+20 4.037459717968985e+20 5.733224973259105e+20 5.3753359502398285e+20 5.682556640953344e+20 4.6063395455635646e+20 5.91545980927615e+20 7.744133053557708 56.213567837625476 16.318786533958985 80.27648742514216
7.299999999999995 1.4912340580377887e+20 2.804765950253888e+20 3.324371818724374e+20 5.485031262459992e+20 4.9731938616810465e+20 5.4020571569519736e+20 3.997565486114084e+20 5.569215407262512e+20 4.897326653217146 29.324643661814648 8.641829293392638 42.86379960842443
7.399999999999995 1.1565640353706897e+20 2.2000343628028048e+20 2.6815669310678545e+20 4.6972051832997066e+20 4.146694684152212e+20 4.601689156115295e+20 3.271006327969545e+20 4.656241076374982e+20 3.782387937645239 19.8458049880388 5.869875146136954 29.498068071820995
7.499999999999995 9.04141308196515e+19 1.7595845200720478e+20 2.254031983937218e+20 4.301912101493922e+20 3.707904741637402e+20 4.195410797235925e+20 2.832081123586339e+20 4.22121227835214e+20 2.774921286675713 12.70441042193301 3.7976199003885944 19.27695160899732
7.599999999999994 7.063429454079698e+19 1.4049578767959663e+20 1.885470366779481e+20 3.8453435515403305e+20 3.204547585279951e+20 3.7315785339929146e+20 2.407718117676496e+20 3.8989882948030235e+20 2.2985718018538224 9.13147911514133 2.7548119203829002 14.184862837378052
7.699999999999994 5.4915846018494956e+19 1.1253195549185535e+20 1.5943383017235785e+20 3.432501989901972e+20 2.783065790817429e+20 3.31563423813433e+20 2.0623567841716702e+20 3.474494677431775e+20 1.9772959681599966 5.841388324645377 1.7766468994257414 9.595331192231114
7.799999999999994 4.129286656597725e+19 8.725761046868571e+19 1.308112998701517e+20 2.9379218406191874e+20 2.301533997372948e+20 2.8259530604929047e+20 1.6979426019361302e+20 3.188685235970452e+20 1.3426133450287137 2.9782096322493614 0.9135103691573008 5.234333346435376
7.899999999999993 3.228997530003733e+19 7.062671356365652e+19 1.1150665708115368e+20 2.559952395755911e+20 1.974276375611279e+20 2.4562358696186144e+20 1.4504459116408906e+20 2.7698162716018108e+20 0.9951318657386451 1.8353323986267334 0.5649019176571634 3.3953661820225416
7.999999999999993 2.508730292475846e+19 5.702132569704945e+19 9.380301804135003e+19 2.2043574888115038e+20 1.6703135098926626e+20 2.1122050401280773e+20 1.2242648490692277e+20 2.5203750230811063e+20 0.9068360068128943 1.5471596484948567 0.4771475634650458 2.931143218772797
8.099999999999993 1.7970931187729641e+19 4.294001011604779e+19 7.489782237247436e+19 1.8867897122232533e+20 1.3893328561013116e+20 1.8018923814042334e+20 1.0001898905599569e+20 2.2769736096307128e+20 0.7883757904386411 1.6481265352875323 0.5108480817825154 2.9473504075086887
8.199999999999992 1.3315289296877052e+19 3.3864969071107117e+19 6.158805395481642e+19 1.6407643985371572e+20 1.2109053080231463e+20 1.5620096517383956e+20 8.473285835685539e+19 1.8741853273147133e+20 0.5754504488574038 0.7309914018857769 0.2290647488767896 1.5355065996199704
8.299999999999992 8.939489737985871e+18 2.434155313358526e+19 4.828152204764545e+19 1.4301614205852692e+20 1.0047996247043308e+20 1.3543533092704767e+20 6.87119092719388e+19 1.721674516354018e+20 0.3808462210459938 0.40765189438528965 0.12865582595231012 0.9171539413835936
8.399999999999991 5.825769513056272e+18 1.7243100219357532e+19 3.699365651343568e+19 1.1990642939080517e+20 8.109152159001611e+19 1.1294047441141757e+20 5.430453389488306e+19 1.4945934505424722e+20 0.2783042663993228 0.2924434114601801 0.09263764593746696 0.6633853237969699
8.499999999999991 3.7500365861594117e+18 1.2640171174128976e+19 2.928700372543723e+19 1.0320445947971917e+20 6.829319518615442e+19 9.649158465210101e+19 4.4535254313982394e+19 1.2000059047449974e+20 0.19897767546984915 0.2112699366824651 0.06757310238439065 0.47782071453670494
8.59999999999999 1.9035771983770276e+18 8.03931174826677e+18 2.1759807713026007e+19 8.409829156362125e+19 5.135503363434177e+19 7.813222055833515e+19 3.3526350735160988e+19 1.151559678384408e+20 0.12799810447488238 0.15963618333684648 0.05070417257314545 0.33833846038487436
8.69999999999999 9.332532453390972e+17 5.476128958083543e+18 1.6946041446439614e+19 6.8734258289768e+19 4.023461891628297e+19 6.342119424396993e+19 2.6261117653201637e+19 9.551956778185207e+19 0.0749022646576404 0.05386564802850727 0.01720832569771507 0.14597623838386276
8.79999999999999 4.551662857600054e+17 3.6216055668699796e+18 1.3177579485808927e+19 5.375607277097314e+19 3.006289429620774e+19 4.96979671048262e+19 2.0069554627686633e+19 8.997802975460146e+19 0.05176275516223904 0.0638748604997746 0.02018763815229585 0.1358252538143095
8.89999999999999 1.897649180108493e+17 2.4628846420421857e+18 1.0420195026496008e+19 4.194721329158959e+19 2.336567929328132e+19 3.89406212090452e+19 1.5743000581174548e+19 7.874693982527447e+19 0.039221202047385766 0.05536200751528314 0.017278958934634988 0.1118621684973039
8.99999999999999 6.552392054893312e+16 1.5703407262748388e+18 8.340267514464679e+18 3.182171598436786e+19 1.77395586743539e+19 2.9677528899657368e+19 1.2275627163827456e+19 5.8247556138129465e+19 0.03468140231649178 0.04040999064799828 0.012763902753202841 0.0878552957176929
9.099999999999989 3.8426487027830344e+16 1.0372133735929994e+18 6.725888914042565e+18 2.41025497736953e+19 1.3529563935695643e+19 2.254381839888851e+19 9.615375553542519e+18 4.094386650703005e+19 0.012975193633589123 0.006866299852964604 0.0022007191201759008 0.02204221260672963
9.199999999999989 2.6006799041444176e+16 6.569147956247388e+17 5.181296827965298e+18 1.8419120394793871e+19 9.975171468736913e+18 1.7355090793106223e+19 7.275115419956359e+18 3.793580503765974e+19 0.02422852298353807 0.027256300885675235 0.008574769438088487 0.06005959330730179
9.299999999999988 1.5798356401204132e+16 4.1855707841709984e+17 3.887878827689822e+18 1.3633155120217379e+19 7.208178019405607e+18 1.2895797894034393e+19 5.365459570867123e+18 3.0438366279046803e+19 0.031797838152305524 0.040345612409301866 0.01260617586552848 0.08474962642713588
9.399999999999988 6350161254093115.0 2.4848522354532035e+17 2.839282470693972e+18 1.0106431206328556e+19 5.072910452553292e+18 9.591709409178077e+18 3.8743294337405435e+18 2.4226807586035294e+19 0.03168549981435011 0.036638409992830544 0.011382192513649329 0.07970610232082997
9.499999999999988 2902963363112006.5 1.5330202979946022e+17 2.0487936361425772e+18 7.398769668963416e+18 3.5539015709756503e+18 7.039025582502943e+18 2.7717285157625436e+18 1.874992513590229e+19 0.027823600858883347 0.026599257542499904 0.008234604927615592 0.06265746332899884
9.599999999999987 1374362381872221.8 9.310602652898848e+16 1.4699322805940316e+18 5.442834333172105e+18 2.4923026199429187e+18 5.192639226453465e+18 1.9823226704297224e+18 1.4537217738435715e+19 0.03312409565587042 0.029428861341379165 0.00910608283516191 0.0716590398324115
9.699999999999987 838608868634082.9 5.784615926971945e+16 1.0838993762142184e+18 4.107361564819493e+18 1.79634135324729e+18 3.9284106240589573e+18 1.4569375385601403e+18 1.1471966041537634e+19 0.03733586269629953 0.030036608376238273 0.009243106330951423 0.07661557740348923
9.799999999999986 587285389045285.6 4.217223869837217e+16 8.605693665576632e+17 3.298738028435529e+18 1.4139426443324762e+18 3.1586511715275566e+18 1.15611169784395e+18 9.291971913299479e+18 0.024980727575897175 0.010088639086897241 0.0031018664640286267 0.038171233126823044
9.899999999999986 342517896606440.25 2.9390224286539292e+16 6.015229927621321e+17 2.1977577004065262e+18 9.729024021466793e+17 2.1029860130544845e+18 7.965068412044741e+17 5.705469723974663e+18 0.038663123893953634 0.01749714882713324 0.005397397779854648 0.06155767050094152
9.999999999999986 342517896606440.25 2.9390224286539292e+16 6.015229927621321e+17 2.1977577004065262e+18 9.729024021466793e+17 2.1029860130544845e+18 7.965068412044741e+17 5.705469723974663e+18 0.038663123893953634 0.01749714882713324 0.005397397779854648 0.06155767050094152
