log10_duration FAKE.FAKE.1500 FAKE.FAKE.2500 FAKE.FAKE.BBa FAKE.FAKE.BBb FAKE.FAKE.D4000a FAKE.FAKE.D4000b FAKE.FAKE.U FAKE.FAKE.V Hbeta_EW OIIIr_EW OIIIb_EW OIIIHbeta_EW
6.0 8.520099558492406e+21 6.113795577469732e+21 3.9937350250578203e+21 3.537714394258149e+21 3.930913536768902e+21 3.585234071723547e+21 3.9908861611627066e+21 2.369997764515016e+21 0.0 0.0 0.0 0.0
6.1 1.054257260060867e+22 8.08910497235667e+21 5.387464474445307e+21 4.790354630188838e+21 5.327134229986412e+21 4.857815168086695e+21 5.395394811483041e+21 3.241257224724077e+21 0.0 0.0 0.0 0.0
6.199999999999999 1.1655649801195036e+22 9.349301714888542e+21 6.320417242354276e+21 5.669315488799853e+21 6.29789119916411e+21 5.749847070781472e+21 6.351154634954311e+21 3.8596028905486586e+21 0.0 0.0 0.0 0.0
6.299999999999999 1.2467263620419634e+22 1.0607853200200597e+22 7.323021551424554e+21 6.671630228782885e+21 7.400410488041793e+21 6.765964663587745e+21 7.396811082254747e+21 4.573655473869435e+21 0.0 0.0 0.0 0.0
6.399999999999999 1.1156980995946996e+22 9.866083754413155e+21 7.062879694459438e+21 6.710692614077222e+21 7.363335006392588e+21 6.797583045675492e+21 7.196852959804914e+21 4.69883890647212e+21 0.0 0.0 0.0 0.0
6.499999999999998 8.617727703425223e+21 7.739635878944174e+21 5.75982381845879e+21 5.909990719835249e+21 6.363816702185592e+21 5.971729181631667e+21 6.009449863600345e+21 4.3056311169720564e+21 0.0 0.0 0.0 0.0
6.599999999999998 6.400865816218924e+21 5.573834085076982e+21 4.0580743538576557e+21 4.083324574957856e+21 4.400417780069549e+21 4.1264151157267707e+21 4.2095592646138224e+21 2.986786445842979e+21 0.0 0.0 0.0 0.0
6.6999999999999975 4.81288480829954e+21 4.1737707774562465e+21 3.0277952506627815e+21 3.1319487256755065e+21 3.341791876017656e+21 3.162993379280082e+21 3.1754051922581033e+21 2.442043950708762e+21 0.0 0.0 0.0 0.0
6.799999999999997 3.4802509556694117e+21 3.0318905856056523e+21 2.2183284380372105e+21 2.3405756484825165e+21 2.4788504910735863e+21 2.36126937306993e+21 2.3409765480213887e+21 1.9259619341097294e+21 0.0 0.0 0.0 0.0
6.899999999999997 2.506248583518942e+21 2.2535168726267032e+21 1.6712900892649487e+21 1.811172244544027e+21 1.9011795429396785e+21 1.8240252881129589e+21 1.7804087250037055e+21 1.6602667796549437e+21 0.0 0.0 0.0 0.0
6.9999999999999964 1.7320397118486112e+21 1.5978218737268383e+21 1.2192017507901568e+21 1.3688971779410237e+21 1.4068777762711043e+21 1.3733550360700914e+21 1.3014108545442715e+21 1.3026746180232717e+21 0.0 0.0 0.0 0.0
7.099999999999996 1.2201741393505668e+21 1.1659730437179083e+21 9.222895106385864e+20 1.083447145966922e+21 1.0798384005094611e+21 1.0810596079968071e+21 9.82742384906189e+20 1.0490271015923501e+21 0.0 0.0 0.0 0.0
7.199999999999996 8.838915222620701e+20 8.832677267058177e+20 7.436040558398428e+20 9.655727604266284e+20 9.317370994572113e+20 9.574279720426415e+20 8.11814161651909e+20 8.776566837067129e+20 0.0 0.0 0.0 0.0
7.299999999999995 6.483940845394514e+20 6.74975109446322e+20 6.154925482334738e+20 9.252710989118872e+20 8.703041672022757e+20 9.136511467214235e+20 7.108410027017913e+20 8.286108933558231e+20 0.0 0.0 0.0 0.0
7.399999999999995 5.02689465005079e+20 5.299505175181452e+20 4.979202043996836e+20 7.928862819731796e+20 7.28349170720792e+20 7.794845161440514e+20 5.84246649858069e+20 6.936141773809524e+20 0.0 0.0 0.0 0.0
7.499999999999995 3.92627963165861e+20 4.2406296982284245e+20 4.1956855534656284e+20 7.265508804339114e+20 6.530856539225378e+20 7.115732134614267e+20 5.076839147265566e+20 6.294633345193312e+20 0.0 0.0 0.0 0.0
7.599999999999994 3.064083653684303e+20 3.3855837867811406e+20 3.5133303391792176e+20 6.495971343436264e+20 5.650799610333898e+20 6.332623592769079e+20 4.322442512308935e+20 5.8163025277049615e+20 0.0 0.0 0.0 0.0
7.699999999999994 2.3789764271569165e+20 2.711122000501397e+20 2.973016897137696e+20 5.799671153032267e+20 4.91329604560951e+20 5.62913052478111e+20 3.707592054216372e+20 5.1850246888389784e+20 0.0 0.0 0.0 0.0
7.799999999999994 1.7875919584009535e+20 2.103003721584176e+20 2.444122248622658e+20 4.965349649737383e+20 4.0685997015071346e+20 4.801044357532281e+20 3.061613154974774e+20 4.7599444624599817e+20 0.0 0.0 0.0 0.0
7.899999999999993 1.3966561543127053e+20 1.702206323707597e+20 2.0861077042030507e+20 4.3272628287464735e+20 3.4927666668657023e+20 4.174598575246877e+20 2.6201911410233377e+20 4.136081878193836e+20 0.0 0.0 0.0 0.0
7.999999999999993 1.0834612144826363e+20 1.373589156438639e+20 1.7552487271118956e+20 3.7263207542124963e+20 2.955163456487399e+20 3.590196783402438e+20 2.212404163092937e+20 3.7630046016526615e+20 0.0 0.0 0.0 0.0
8.099999999999993 7.74716633462483e+19 1.0336474725506399e+20 1.4018273617234354e+20 3.1896248556488845e+20 2.4579587607074537e+20 3.0630708050106024e+20 1.8072087935287522e+20 3.3991594751593585e+20 0.0 0.0 0.0 0.0
8.199999999999992 5.730327523981818e+19 8.153473362355298e+19 1.1538336910644101e+20 2.7740987348730823e+20 2.1436514818661905e+20 2.656084714917443e+20 1.5325739459818298e+20 2.7989729261743853e+20 0.0 0.0 0.0 0.0
8.299999999999992 3.838837502666571e+19 5.859769272093642e+19 9.051475906240222e+19 2.418194621471533e+20 1.779389677387166e+20 2.303386606669792e+20 1.2430134849198483e+20 2.571169096523025e+20 0.0 0.0 0.0 0.0
8.399999999999991 2.493948073398731e+19 4.149451649323637e+19 6.938122793256496e+19 2.0275214510623103e+20 1.436225831009174e+20 1.9209630570889855e+20 9.820555161035955e+19 2.2319023094261367e+20 0.0 0.0 0.0 0.0
8.499999999999991 1.5957436630632014e+19 3.040298112180477e+19 5.4950648233397354e+19 1.7451911799150477e+20 1.2096560756508493e+20 1.6412844194099072e+20 8.050307568541254e+19 1.7926298750137532e+20 0.0 0.0 0.0 0.0
8.59999999999999 8.008281274734817e+18 1.931778301925167e+19 4.083911146846386e+19 1.422099631636904e+20 9.097193138556658e+19 1.3290079139009549e+20 6.0591632701635305e+19 1.7191174368341987e+20 0.0 0.0 0.0 0.0
8.69999999999999 3.867022688688289e+18 1.3151447062304246e+19 3.1814815409146774e+19 1.1623125720626124e+20 7.128880298285856e+19 1.078787755919515e+20 4.74767250746346e+19 1.4259297382767323e+20 0.0 0.0 0.0 0.0
8.79999999999999 1.8794673021052086e+18 8.688779108010936e+18 2.4743295845578523e+19 9.089961515557133e+19 5.327773172723246e+19 8.453671729580237e+19 3.6297296620785656e+19 1.3422657819702066e+20 0.0 0.0 0.0 0.0
8.89999999999999 7.823022335606312e+17 5.901379797258085e+18 1.9567311719202808e+19 7.09297280205071e+19 4.141685116920421e+19 6.6240241444587184e+19 2.8480014884311454e+19 1.1742548459991663e+20 0.0 0.0 0.0 0.0
8.99999999999999 2.7034719404787466e+17 3.7552017546876237e+18 1.5662592278872517e+19 5.380757267185401e+19 3.1453603750163554e+19 5.048435292808353e+19 2.2223125073119044e+19 8.688396315635922e+19 0.0 0.0 0.0 0.0
9.099999999999989 1.6140644570386275e+17 2.476804858622219e+18 1.2633788744227332e+19 4.075567653741137e+19 2.3997162312774484e+19 3.83510440524763e+19 1.7426335958285988e+19 6.110398538116348e+19 0.0 0.0 0.0 0.0
9.199999999999989 1.0878612582250674e+17 1.564554594022032e+18 9.731623194671665e+18 3.1143830939093262e+19 1.7694554908338637e+19 2.952444788956703e+19 1.3187642829958922e+19 5.6575163523509576e+19 0.0 0.0 0.0 0.0
9.299999999999988 6.5540297505210744e+16 9.942183398085742e+17 7.301770443209957e+18 2.3051074743157584e+19 1.2787165987894854e+19 2.1938356026978378e+19 9.728011678137897e+18 4.538258257855378e+19 0.0 0.0 0.0 0.0
9.399999999999988 2.590196333829197e+16 5.883412471068161e+17 5.33260888752886e+18 1.70876953743797e+19 9.000608077804643e+18 1.6317661802716248e+19 7.026119108408378e+18 3.61158456007059e+19 0.0 0.0 0.0 0.0
9.499999999999988 1.1567914466063192e+16 3.620609265809559e+17 3.8482423981509443e+18 1.250952772451659e+19 6.306396008431887e+18 1.1975222422816301e+19 5.027867927689198e+18 2.794763444801394e+19 0.0 0.0 0.0 0.0
9.599999999999987 5397144970374258.0 2.1901602369739424e+17 2.7608663311169183e+18 9.202322334676513e+18 4.422849258214692e+18 8.834049548596853e+18 3.59554728627736e+18 2.1665753154986578e+19 0.0 0.0 0.0 0.0
9.699999999999987 3259845803841767.5 1.3541108123829541e+17 2.0357432169154972e+18 6.944303566852789e+18 3.1879781682319237e+18 6.683286340332607e+18 2.6423959082087337e+18 1.7095723295297407e+19 0.0 0.0 0.0 0.0
9.799999999999986 2357492043953454.0 9.870628774871878e+16 1.6166160956158113e+18 5.577249175239323e+18 2.5098253505951457e+18 5.373946297087559e+18 2.0976984542461903e+18 1.3846925456272658e+19 0.0 0.0 0.0 0.0
9.899999999999986 1280388252966611.0 6.856208239616087e+16 1.1297538123919959e+18 3.71593780978541e+18 1.7267546299862182e+18 3.577801970570718e+18 1.4450840298898583e+18 8.504058228447697e+18 0.0 0.0 0.0 0.0
9.999999999999986 1280388252966611.0 6.856208239616087e+16 1.1297538123919959e+18 3.71593780978541e+18 1.7267546299862182e+18 3.577801970570718e+18 1.4450840298898583e+18 8.504058228447697e+18 0.0 0.0 0.0 0.0
