log10_duration FAKE.FAKE.1500 FAKE.FAKE.2500 FAKE.FAKE.BBa FAKE.FAKE.BBb FAKE.FAKE.D4000a FAKE.FAKE.D4000b FAKE.FAKE.U FAKE.FAKE.V Hbeta_EW OIIIr_EW OIIIb_EW OIIIHbeta_EW
6.0 1.5836058544472536e+21 1.9065808929114612e+21 1.7619942073156386e+21 1.5572211435949124e+21 1.9192920211290896e+21 1.6939701665266559e+21 1.8576042980747953e+21 1.2747596892531786e+21 114.88498237974795 438.4529457475271 141.08310968148217 694.4210378087572
6.1 1.7579440166060412e+21 2.1424895698307292e+21 1.9923322197019433e+21 1.7452466189790845e+21 2.170580188915591e+21 1.9070142002612386e+21 2.1006473413462786e+21 1.4371339342410508e+21 120.64639192628371 468.1974519885503 150.52266458727024 739.3665085021044
6.199999999999999 1.915962304583049e+21 2.370060475049635e+21 2.2007082846216575e+21 1.9392380146443003e+21 2.387907754619443e+21 2.1089948028598752e+21 2.315349959246251e+21 1.5928470233742262e+21 112.87197852999802 432.80072886412665 139.50580673282184 685.1785141269465
6.299999999999999 2.3117038956068154e+21 3.051294290589689e+21 2.9067630305088174e+21 2.998149385287286e+21 3.351093808233454e+21 3.150212955904436e+21 3.127094118118735e+21 2.8054697185112883e+21 63.89119859615089 232.4193023125079 73.85298101637254 370.16348192503136
6.399999999999999 2.2467600679200584e+21 3.0258038262748435e+21 2.913717887524265e+21 3.178622967924805e+21 3.397567463421754e+21 3.303354414193594e+21 3.1480072459069523e+21 3.485343890515928e+21 49.53618931248986 176.66390255537942 56.01146850676485 282.21156037463413
6.499999999999998 1.812022308436658e+21 2.4551141022285987e+21 2.3819608576620165e+21 2.6463871944211526e+21 2.847946820025132e+21 2.740015386916687e+21 2.5980749690140093e+21 2.524796043893161e+21 45.631885069587796 159.66861494410642 50.44673251841188 255.74723253210607
6.599999999999998 1.4246118524142845e+21 2.0502658930561143e+21 2.198042609865276e+21 3.415661919420256e+21 3.425289443114605e+21 3.455503394888553e+21 2.7037196850683005e+21 3.136603623300861e+21 23.767687214530234 77.42597868190015 24.485046259957436 125.67871215638783
6.6999999999999975 1.0913271724059886e+21 1.5540256557683195e+21 1.689869634439783e+21 2.9861986655851984e+21 2.874512142408739e+21 2.994277444369231e+21 2.1757198039569895e+21 2.8950564073015366e+21 16.82642585729903 50.360837954805575 16.030599038781506 83.2178628508861
6.799999999999997 8.033059518168459e+20 1.1366253270262484e+21 1.2184204716977003e+21 2.0765845845450073e+21 1.955380906757623e+21 2.0748197483324897e+21 1.524124023040454e+21 2.2725174090515216e+21 13.220825232942234 37.07613997982498 11.759278459010396 62.05624367177761
6.899999999999997 6.241166946052288e+20 8.871406587744911e+20 9.329853350862522e+20 1.4627963690991152e+21 1.4100976462333967e+21 1.4631312737985393e+21 1.1325783233260598e+21 1.5044252334150179e+21 11.280731272722175 30.459607884331195 9.617415348546473 51.35775450559984
6.9999999999999964 4.641993038940482e+20 6.775455015105378e+20 7.28283048170041e+20 1.1783880162391702e+21 1.1283288501113904e+21 1.1743592801504403e+21 8.949678791984209e+20 1.1730189676566738e+21 7.996422236988321 20.91957210561671 6.58125919224804 35.49725353485307
7.099999999999996 3.480945476839811e+20 5.345871033887632e+20 5.961687265571319e+20 9.744380231648047e+20 9.350814509365142e+20 9.689999236311073e+20 7.357285449345776e+20 9.102252655544723e+20 5.457972573891181 14.182974671659686 4.420661814279771 24.061609059830637
7.199999999999996 2.5631679596732603e+20 4.0414408008224296e+20 4.558204065985288e+20 7.446478292114219e+20 7.109709770980508e+20 7.380072358891994e+20 5.6033788187095165e+20 6.675146328425354e+20 2.6695779737832592 5.796648027249495 1.7957719804897452 10.2619979815225
7.299999999999995 1.880992920717763e+20 3.0050787128762696e+20 3.4178407956495624e+20 5.5189993100671674e+20 5.20275834483185e+20 5.450905134516098e+20 4.1365827123298533e+20 4.870119527548313e+20 2.044547711169765 4.221188222609325 1.2857326118238974 7.551468545602988
7.399999999999995 1.454535570592897e+20 2.301953491342837e+20 2.617050804679263e+20 4.4093553527200494e+20 3.9907497648180324e+20 4.32130820406633e+20 3.1455660164966987e+20 4.032618082652913e+20 1.1032760006507139 2.091125372868208 0.6266792644776571 3.821080637996579
7.499999999999995 1.1525728198513675e+20 1.9092231916348414e+20 2.301436774072558e+20 4.363453650020959e+20 3.8613100091580986e+20 4.261163768172002e+20 2.8997993877058214e+20 4.100687534812382e+20 0.819836922600559 1.5619553198046603 0.47084474687322947 2.852636989278449
7.599999999999994 9.057055945571992e+19 1.548998606431817e+20 1.941859394296998e+20 3.959608334210806e+20 3.439508382532092e+20 3.854433741272244e+20 2.5168570671317785e+20 3.766709494650235e+20 0.6043136872734937 1.0266211200185533 0.31219890582146387 1.943133713113511
7.699999999999994 7.02498732778751e+19 1.2271972815222745e+20 1.5865481758934024e+20 3.4218294598964406e+20 2.9086966483189698e+20 3.3182347728484526e+20 2.0944056906352335e+20 3.304602533734542e+20 0.5423107806446524 0.8410538075037807 0.25721005494753074 1.640574643095964
7.799999999999994 5.659835198624357e+19 1.0144637715035093e+20 1.3618521409283849e+20 3.1852755999331975e+20 2.640813845505492e+20 3.076498585580966e+20 1.853590180621745e+20 3.146587720562145e+20 0.42033225137209496 0.5871167238501275 0.180520020339155 1.1879689955613775
7.899999999999993 4.578541431327824e+19 8.383918970169878e+19 1.1530175761289868e+20 2.7750045925532585e+20 2.226884225394828e+20 2.6667536740516046e+20 1.5654329685709927e+20 2.940537467104971e+20 0.3048187703810419 0.36798726262778375 0.1134776834611721 0.7862837164699977
7.999999999999993 3.5587943594715124e+19 6.842437166264555e+19 1.0119021291408464e+20 2.667087823533674e+20 2.0530003564287007e+20 2.5503334455106568e+20 1.41382321065478e+20 3.0277363557717095e+20 0.20976533228535899 0.21037736206960386 0.0655092595741676 0.48565195392913046
8.099999999999993 2.7045390460613317e+19 5.401431861754043e+19 8.381878517091838e+19 2.229586079898938e+20 1.6757638357270787e+20 2.124682999424593e+20 1.1623287444282858e+20 2.5378323471384792e+20 0.16277439841007127 0.13627506416332652 0.042739539713592775 0.3417890022869906
8.199999999999992 2.0511134277459755e+19 4.288416882510285e+19 7.1203159811185525e+19 1.933951368002176e+20 1.4144100681245843e+20 1.839835296783139e+20 9.85115110400271e+19 2.4701948701920785e+20 0.0829339976495193 0.05610624107403727 0.01765990556474403 0.1567001442883006
8.299999999999992 1.4933025187550058e+19 3.306679270008351e+19 5.9205397693893894e+19 1.650548965390912e+20 1.1871401510490477e+20 1.5677886354425482e+20 8.239493978329232e+19 2.1976338410198132e+20 0.05893514246601112 0.03521758652160045 0.011113930085979572 0.10526665907359115
8.399999999999991 1.0593886950680216e+19 2.4939091705874616e+19 4.681243700174905e+19 1.3230864885153282e+20 9.416860211000453e+19 1.2533701936984323e+20 6.5219678968382644e+19 1.738648614861509e+20 0.036443744992985035 0.01789752716528116 0.0056815461551002555 0.06002281831336645
8.499999999999991 6.923348148445239e+18 1.7752121577698245e+19 3.6280122971850244e+19 1.0870978790437755e+20 7.580546129943903e+19 1.0260142403824571e+20 5.1664745864231715e+19 1.4491211166739422e+20 0.031286464030848324 0.015972590302384276 0.005088482422104699 0.0523475367553373
8.59999999999999 4.917356031507208e+18 1.3461867117046237e+19 2.8903547139521307e+19 8.849155957370816e+19 6.082756158780898e+19 8.321755502406785e+19 4.130207688942258e+19 1.1491341506685742e+20 0.022574676651220003 0.010359060198968276 0.0033107828494456405 0.03624451969963392
8.69999999999999 3.3826095763767086e+18 1.0130371247298724e+19 2.371843012740447e+19 7.58967883167244e+19 5.0994688089119556e+19 7.11191382798759e+19 3.433857025413239e+19 1.024427847735976e+20 0.014564952293996927 0.006345302988909971 0.0020338160331354054 0.022944071316042303
8.79999999999999 2.432111191741347e+18 7.849785155220818e+18 1.9060575751961612e+19 6.297297924005101e+19 4.126512428812574e+19 5.867650490900902e+19 2.7685618530955026e+19 8.464273553256156e+19 0.008577220315621454 0.0027854980447096127 0.0008966782076414939 0.01225939656797256
8.89999999999999 1.7200314825829373e+18 6.137188319309788e+18 1.630553907411989e+19 5.61579624915829e+19 3.5375836347134337e+19 5.210317468561569e+19 2.375436703508604e+19 7.962428780348278e+19 0.006511028519571234 0.0018920877522524584 0.0006091159827864086 0.009012232254610102
8.99999999999999 1.1589966382383178e+18 4.795507078755228e+18 1.3994369351511822e+19 5.094688820698579e+19 3.0580167465383997e+19 4.7092190745410585e+19 2.05487313186497e+19 7.980024000316275e+19 0.004914055009612085 0.0013089665678819053 0.0004208089350486251 0.006643830512542616
9.099999999999989 6.530434294230458e+17 3.493637657787271e+18 1.288287417992317e+19 4.903727900768496e+19 2.736219820491795e+19 4.543862524020389e+19 1.879116959459612e+19 9.485008648545429e+19 0.004718699001637695 0.0013691283619785607 0.00043769957332425325 0.006525526936940509
9.199999999999989 3.236131052332501e+17 2.3792782025998295e+18 8.360702016710377e+18 3.1366467977295348e+19 1.7835310075938025e+19 2.8971962414607233e+19 1.2195097406722638e+19 5.4315201040110576e+19 0.0037422757552931177 0.000818293029310324 0.00026227235055846537 0.004822841135161907
9.299999999999988 1.2276566367901923e+17 1.5661919140906245e+18 6.122111680385322e+18 2.1950812258864562e+19 1.2624695044467788e+19 2.0399541445336293e+19 8.775528628695023e+18 3.831477008984483e+19 0.004170776711457739 0.0007987137447729603 0.00025613394451862935 0.005225624400749329
9.399999999999988 3.868379111660046e+16 1.0206777252834856e+18 4.662022753517912e+18 1.595133765697414e+19 9.209079228138427e+18 1.4951690248819567e+19 6.546457586963813e+18 3.014952829514461e+19 0.003837428401197671 0.0006183925519543525 0.00019789457161188142 0.004653715524763905
9.499999999999988 1.651629798633921e+16 6.97740465668702e+17 3.6496783030498237e+18 1.2026821710546285e+19 6.935234583587506e+18 1.134385172083146e+19 5.032137631631223e+18 2.41684873898111e+19 0.0028243877285867203 0.0002986233680432184 9.531557280207878e-05 0.0032183266694320173
9.599999999999987 7277409871522819.0 5.054708448738194e+17 2.916296015757113e+18 9.278454027697877e+18 5.381167068890849e+18 8.788473733681949e+18 3.96281272467426e+18 1.9267429133011382e+19 0.0032091638730908935 0.00030653440841673627 9.772045281203439e-05 0.0036134187343196643
9.699999999999987 2515804426528081.5 3.540652668843414e+17 2.0013126429862848e+18 5.914248118186617e+18 3.603800225697839e+18 5.618989058677378e+18 2.674209782660337e+18 1.1529006965702644e+19 0.00263395271614755 0.00012568342075070353 4.016523565330645e-05 0.0027998013725515597
9.799999999999986 1936149263734872.2 2.3603130803485568e+17 1.766254753750161e+18 5.354345672957786e+18 3.060291877868328e+18 5.103245086335287e+18 2.33137203893471e+18 1.2061886131636298e+19 0.0024870585560993687 0.00010018293756383451 3.182837580430963e-05 0.0026190698694675127
9.899999999999986 1137574245654045.0 1.908416182865583e+17 1.56259690889811e+18 4.716782518303186e+18 2.676609342361506e+18 4.5014883860577556e+18 2.0531388822924928e+18 1.0953160852278315e+19 0.0028956306918818567 0.00012194729702626555 3.859342146046558e-05 0.003056171410368588
9.999999999999986 1137574245654045.0 1.908416182865583e+17 1.56259690889811e+18 4.716782518303186e+18 2.676609342361506e+18 4.5014883860577556e+18 2.0531388822924928e+18 1.0953160852278315e+19 0.0028956306918818567 0.00012194729702626555 3.859342146046558e-05 0.003056171410368588
