log10_duration FAKE.FAKE.1500 FAKE.FAKE.2500 FAKE.FAKE.BBa FAKE.FAKE.BBb FAKE.FAKE.D4000a FAKE.FAKE.D4000b FAKE.FAKE.U FAKE.FAKE.V Hbeta_EW OIIIr_EW OIIIb_EW OIIIHbeta_EW
6.0 3.057553501872395e+20 8.884340113583366e+20 1.435225473011473e+21 1.1690387237510611e+21 1.6055217551563463e+21 1.513734347778698e+21 1.5323497470485143e+21 1.4009810096768082e+21 400.77054527161266 200.9748555338794 65.53926724016691 667.2846680456589
6.1 3.329462684891834e+20 9.815221743248186e+20 1.5979913772506232e+21 1.2926397440852636e+21 1.7867245368499097e+21 1.6827865254721117e+21 1.705714350568228e+21 1.559889079612389e+21 409.22580094714294 208.15973309668942 67.90376736606048 685.2893014098929
6.199999999999999 3.466348190875364e+20 1.0338998288660862e+21 1.6952148549356843e+21 1.3641203067727847e+21 1.895141684881914e+21 1.7840090220799737e+21 1.809301219245227e+21 1.6562759901554884e+21 416.7132224545875 213.74724510689975 69.53278939621639 699.9932569577036
6.299999999999999 3.840763401547684e+20 1.1670281290354342e+21 1.9136458407120182e+21 1.702411392249528e+21 2.2412499914360158e+21 2.1442072006399332e+21 2.0808101368095721e+21 2.0278013533708178e+21 356.350241949408 181.8401423078582 59.168467736672916 597.3588519939391
6.399999999999999 4.0121812614727093e+20 1.3184417032684542e+21 2.2583624383556448e+21 3.0882212549986054e+21 3.3742874461422197e+21 3.440312425085508e+21 2.7284306170368287e+21 3.4628498856451543e+21 177.16643396868247 87.45947293358036 27.826985321873767 292.4528922241366
6.499999999999998 3.116978576035716e+20 1.0284353359634214e+21 1.7944068292780166e+21 3.006730642952507e+21 3.093144866582209e+21 3.232606291352756e+21 2.3298087959433157e+21 3.391877813385003e+21 124.02645825232001 58.34092211534912 18.644958085844276 201.0123384535134
6.599999999999998 2.5096388079159732e+20 8.075622891660829e+20 1.383588561807686e+21 2.427505697212003e+21 2.4220757523391966e+21 2.5793899370668166e+21 1.8124504144425022e+21 2.7900785138540693e+21 111.77439505094787 49.812198739982804 15.983696122994646 177.5702899139253
6.6999999999999975 1.993506781321968e+20 6.177338387977597e+20 1.0138071032787108e+21 1.530398111512546e+21 1.5650703406574207e+21 1.6476837315767168e+21 1.2469048651083945e+21 1.8331558420596636e+21 123.79400276368865 54.354342416198506 17.345513069660672 195.49385824954783
6.799999999999997 1.5625793737628683e+20 4.77655764805599e+20 7.557265847238116e+20 1.0624135535332355e+21 1.0996870593736113e+21 1.141340637412371e+21 9.021451908299069e+20 1.2171700872948285e+21 119.10016264268089 50.745688210563166 15.993824165203657 185.8396750184477
6.899999999999997 1.2073998214409418e+20 3.6012423182433826e+20 5.4194781791999617e+20 7.1476863272561e+20 7.4359830823829e+20 7.621858200891429e+20 6.293738748217545e+20 7.675978438924307e+20 106.76022376893323 43.24099434356013 13.49585758788119 163.49707570037455
6.9999999999999964 8.894176522392119e+19 2.6551490326848016e+20 3.915869979463717e+20 5.245559186703205e+20 5.352834880370374e+20 5.4989721208796866e+20 4.53654186538088e+20 5.420487078271763e+20 83.03964813387368 31.619684676040922 9.773538775880224 124.43287158579483
7.099999999999996 6.525567068970542e+19 1.9559123957304695e+20 2.807795140599071e+20 3.8884224505873046e+20 3.8650277709952785e+20 3.992302890142608e+20 3.264150965622445e+20 3.8370559886834853e+20 54.135006713896736 18.509200712566432 5.6565627916269055 78.30077021809007
7.199999999999996 4.706431793297515e+19 1.406367920154828e+20 1.982780201314795e+20 2.8750369356462693e+20 2.774169233388597e+20 2.8960498354772807e+20 2.323652314067871e+20 2.7655975719370634e+20 28.304153814186265 7.829828010100441 2.3796699576791953 38.513651781965905
7.299999999999995 3.5741293263330644e+19 1.0856397028235382e+20 1.5521538841342234e+20 2.3597809506255667e+20 2.2185561006518308e+20 2.3482588943658582e+20 1.8345929496218875e+20 2.263925511141469e+20 14.764546799733838 3.2255037226996506 0.9744190222040202 18.96446954463751
7.399999999999995 2.659413337448424e+19 8.21280555046068e+19 1.1952447304331436e+20 1.9293694629923003e+20 1.764935417803283e+20 1.9012455697262723e+20 1.4328261181659149e+20 1.849459263024578e+20 6.545464444207687 0.8338381830098931 0.2501361806108626 7.629438807828443
7.499999999999995 2.1245687074641592e+19 6.6440358614506455e+19 9.847204372793121e+19 1.6710812634083885e+20 1.4775757220185558e+20 1.632888984326687e+20 1.1800242421820303e+20 1.6160051057281335e+20 4.281954717006513 0.6129009522480883 0.1802529782973536 5.0751086475519545
7.599999999999994 1.716438352748952e+19 5.51511821188106e+19 8.40921605561245e+19 1.5207916066629894e+20 1.3077016719830868e+20 1.4766094715215862e+20 1.018933033220547e+20 1.4915711219022365e+20 2.654308455843595 0.4189473905557912 0.12199245454233307 3.1952483009417194
7.699999999999994 1.3667594600553558e+19 4.534330072683309e+19 7.107912832302606e+19 1.3505818948188615e+20 1.1434249216977766e+20 1.307010746037572e+20 8.755381566515148e+19 1.3410352964187297e+20 2.207617365948261 0.3141320625672602 0.09202830475478457 2.6137777332703056
7.799999999999994 1.0461962625175249e+19 3.598453691607668e+19 5.864463458785944e+19 1.2104541460671562e+20 1.0040579567455702e+20 1.1664922155179871e+20 7.456696192335377e+19 1.2247390058006854e+20 1.6087641034424023 0.19395419423375088 0.05765648847835563 1.8603747861545088
7.899999999999993 8.741208960662024e+18 3.2006582234102227e+19 5.49124319860361e+19 1.2282582503410714e+20 1.0021975979946e+20 1.180889719267096e+20 7.2210099400147165e+19 1.359326087889693e+20 1.0352195841907417 0.10854854126940469 0.03272876980607289 1.1764968952662191
7.999999999999993 6.816653517770528e+18 2.5865377455747445e+19 4.583638013715015e+19 1.0789298833986588e+20 8.695934263941415e+19 1.0340256113369814e+20 6.151434577875128e+19 1.1143126863846136e+20 0.8590344926317984 0.07870542443546404 0.023914884441734577 0.9616548015089971
8.099999999999993 5.136053316824219e+18 2.0276274409308836e+19 3.76686737949743e+19 9.655338245562447e+19 7.532947608704996e+19 9.206882145356558e+19 5.207697673809786e+19 1.1272750030700007e+20 0.6154304648674273 0.05053861315414664 0.015590753963373739 0.6815598319849476
8.199999999999992 3.9522485901621816e+18 1.6505270251740572e+19 3.248485732088736e+19 9.114326174924215e+19 6.928760421535242e+19 8.65886503740786e+19 4.6609723290527195e+19 1.170701712886828e+20 0.3257840784913624 0.02119246850828093 0.006620044390098203 0.35359659138974153
8.299999999999992 2.909231982566496e+18 1.250416717281527e+19 2.515189761807838e+19 7.234114433920306e+19 5.4133040184007885e+19 6.844967841291496e+19 3.6255701431259533e+19 8.869390913618303e+19 0.19631533752570912 0.009901768821492138 0.003107778783033555 0.2093248851302348
8.399999999999991 2.3400189395857623e+18 1.1022459946069926e+19 2.410442052980106e+19 7.83826199248935e+19 5.7886269869219906e+19 7.404792612621497e+19 3.70687769002891e+19 9.917857834677972e+19 0.10823727599547125 0.005248745846950967 0.0016662855990205309 0.11515230744144275
8.499999999999991 1.6511898322976637e+18 8.127559444723705e+18 1.85481664160912e+19 6.3267040958912725e+19 4.51880760930937e+19 5.937737422339395e+19 2.878057535305557e+19 7.904453217149269e+19 0.06432504297347631 0.0020927802918168543 0.0006682616293291377 0.06708608489462231
8.59999999999999 1.171076306630254e+18 6.50969838316127e+18 1.6491561124404718e+19 6.4202994901418254e+19 4.448121226603512e+19 6.000123929330128e+19 2.7274643614152405e+19 8.559260793927511e+19 0.054714914484658324 0.002273419983774178 0.0007317848485254534 0.05772011931695795
8.69999999999999 7.824803846813517e+17 4.500227659329999e+18 1.1565792935152595e+19 4.397606299439153e+19 2.956295267477626e+19 4.083691762309989e+19 1.850875518518416e+19 5.716812542759153e+19 0.03657749697362473 0.0010120078619893355 0.00032657767331142114 0.03791608250892549
8.79999999999999 5.637582055035016e+17 3.685652631825854e+18 1.0524984444644418e+19 4.209388898975649e+19 2.751506172466106e+19 3.8984218869088715e+19 1.7124150350115017e+19 5.887427060771683e+19 0.022558245847051437 0.0006400955966331281 0.00020743090876844747 0.023405772352453013
8.89999999999999 4.373034950584045e+17 3.033132853837644e+18 8.920868997516342e+18 3.635635860994023e+19 2.3339688724212617e+19 3.355763818656881e+19 1.4522212847817212e+19 5.1276647969948795e+19 0.01588589493063349 0.0003622878137025446 0.00011755916623286981 0.016365741910568905
8.99999999999999 3.1569537671203795e+17 2.500248918410402e+18 8.008493629468316e+18 3.4656407480109273e+19 2.161922769471187e+19 3.1900458769396716e+19 1.3323000144732357e+19 5.343675092410568e+19 0.02014133673011867 0.0005535817097512691 0.00018017045586163474 0.020875088895731572
9.099999999999989 2.0665766488250426e+17 1.5324312678797755e+18 4.876478409055914e+18 1.9042124213213344e+19 1.1766027034315635e+19 1.7484806744537922e+19 7.565874031215011e+18 2.8827661287162814e+19 0.01815066177241097 0.00032476699670626503 0.00010544481474083489 0.01858087358385807
9.199999999999989 1.27403048343837e+17 1.1010786810530479e+18 4.195767071844708e+18 1.613818909489244e+19 9.751845841930177e+18 1.4841367279309298e+19 6.394105034772546e+18 2.727829385637069e+19 0.014069636314929131 0.00020227101227038462 6.577048826256386e-05 0.01433767781546208
9.299999999999988 7.747162115408114e+16 8.046468536837787e+17 3.287595932174284e+18 1.2745896125911998e+19 7.597077375038574e+18 1.1706924953671326e+19 5.000131228808254e+18 2.2060223353153176e+19 0.011911021777684404 0.00013022677800450367 4.238322821065079e-05 0.012083631783899559
9.399999999999988 4.431482439791957e+16 5.896664800045994e+17 2.637742464862627e+18 1.0200706409724236e+19 6.025990596216147e+18 9.381017223791657e+18 3.99384748206486e+18 1.8709858535998083e+19 0.012124371580518718 0.00012256617240444102 3.9901105872654634e-05 0.012286838858795814
9.499999999999988 2.130328914010908e+16 4.4004129425422483e+17 2.143286997488806e+18 8.198511760701438e+18 4.873731027401404e+18 7.565116544311899e+18 3.2425226955207316e+18 1.5405042734124636e+19 0.010839458493803421 7.644683985226296e-05 2.4908913291805087e-05 0.01094081424694749
9.599999999999987 9556270145078690.0 3.333758706799823e+17 1.7214279331747684e+18 6.460205616945162e+18 3.859013262790396e+18 5.985808465108047e+18 2.58678605447851e+18 1.2672779220384256e+19 0.012712618471113563 8.648016810024425e-05 2.8169632998730517e-05 0.012827268272212538
9.699999999999987 4094683770136701.5 2.506250880761604e+17 1.2650930009371901e+18 4.470752298329499e+18 2.7593231986073687e+18 4.162805504769874e+18 1.8687891210458084e+18 8.309702110846983e+18 0.0074475651029939196 1.5204579649414783e-05 4.973558727260285e-06 0.007467743241370594
9.799999999999986 3630324340818150.5 1.7991290523389437e+17 1.0311551883148516e+18 3.6098447816008735e+18 2.2192414724847688e+18 3.386545576587276e+18 1.5173432382497997e+18 7.724008705533577e+18 0.012495663801215818 4.484741915430047e-05 1.4616769305372749e-05 0.012555127989675492
9.899999999999986 6039377152345300.0 1.6959613439870048e+17 9.939300553679521e+17 3.309011255266768e+18 2.0701321467645002e+18 3.119740147715165e+18 1.4359436550859848e+18 7.202358199863604e+18 0.01525765274855725 6.88090767249423e-05 2.24017117824943e-05 0.015348863537064685
9.999999999999986 6039377152345300.0 1.6959613439870048e+17 9.939300553679521e+17 3.309011255266768e+18 2.0701321467645002e+18 3.119740147715165e+18 1.4359436550859848e+18 7.202358199863604e+18 0.01525765274855725 6.88090767249423e-05 2.24017117824943e-05 0.015348863537064685
