log10_duration FAKE.FAKE.1500 FAKE.FAKE.2500 FAKE.FAKE.BBa FAKE.FAKE.BBb FAKE.FAKE.D4000a FAKE.FAKE.D4000b FAKE.FAKE.U FAKE.FAKE.V Hbeta_EW OIIIr_EW OIIIb_EW OIIIHbeta_EW
6.0 1.0050699354828358e+22 5.79442609074626e+21 3.8747883245067934e+21 3.0022124660045843e+21 3.9282083057919963e+21 3.2942300024737534e+21 3.9587783485194093e+21 2.1076572348824365e+21 114.88498237974795 438.4529457475271 141.08310968148214 694.4210378087572
6.1 1.1148179090624163e+22 6.510638388163571e+21 4.381308731935078e+21 3.364710807642186e+21 4.442514499742139e+21 3.7086450004326477e+21 4.476602170403846e+21 2.375985372615562e+21 120.64639192628375 468.1974519885504 150.5226645872703 739.3665085021045
6.199999999999999 1.2144841747900555e+22 7.201866232066297e+21 4.839564196691572e+21 3.7387118886083394e+21 4.887389187776801e+21 4.101310718570776e+21 4.934674754049416e+21 2.6335762605765296e+21 112.87197852999803 432.8007288641267 139.5058067328218 685.1785141269465
6.299999999999999 1.4642039084237776e+22 9.267640343450515e+21 6.392124020374621e+21 5.780136553961781e+21 6.858949440822747e+21 6.124587692099603e+21 6.658389830382907e+21 4.6362860835639966e+21 63.891198596150886 232.41930231250788 73.85298101637255 370.16348192503136
6.399999999999999 1.4224173252500408e+22 9.18883809994897e+21 6.407369667305204e+21 6.127999195775431e+21 6.954226723201998e+21 6.421763974405198e+21 6.701499384378877e+21 5.755008307235501e+21 49.53618931248987 176.66390255537945 56.01146850676487 282.2115603746342
6.499999999999998 1.1471704946334933e+22 7.454429344621032e+21 5.238009265531601e+21 5.101965297188396e+21 5.829036988252765e+21 5.32651707099094e+21 5.528706119771189e+21 4.1722771482533896e+21 45.6318850695878 159.66861494410642 50.446732518411864 255.7472325321061
6.599999999999998 9.012467440936007e+21 6.217670716841316e+21 4.833172050430213e+21 6.58500849588055e+21 7.009951656700438e+21 6.716185804055799e+21 5.726216291584901e+21 5.186167124629414e+21 23.76768721453023 77.42597868190018 24.48504625995744 125.67871215638785
6.6999999999999975 6.908764491008244e+21 4.7133413803261506e+21 3.71569995673362e+21 5.756975061447205e+21 5.882801061254467e+21 5.819278652547178e+21 4.6004589098797677e+21 4.785620781292195e+21 16.826425857299025 50.36083795480557 16.030599038781506 83.2178628508861
6.799999999999997 5.090061124710371e+21 3.448013294044506e+21 2.679104888942354e+21 4.00331809843455e+21 4.0018508635405e+21 4.0322187851287385e+21 3.2259990099469974e+21 3.7536440969263443e+21 13.220825232942234 37.07613997982499 11.7592784590104 62.05624367177762
6.899999999999997 3.956574152745032e+21 2.6913057136032455e+21 2.0515218712925616e+21 2.8200707913221155e+21 2.885825032739488e+21 2.8435165250805694e+21 2.400029940719348e+21 2.485658303283454e+21 11.280731272722177 30.4596078843312 9.617415348546473 51.35775450559985
6.9999999999999964 2.940298462954165e+21 2.0547991863362333e+21 1.6013818975810727e+21 2.2717759955171732e+21 2.3090944892093934e+21 2.2822425534771602e+21 1.895658047870615e+21 1.938526734353585e+21 7.996422236988323 20.91957210561671 6.581259192248041 35.49725353485307
7.099999999999996 2.2022872943209963e+21 1.619909194808668e+21 1.3108620732213858e+21 1.8786033830290464e+21 1.913513820169091e+21 1.88312717902226e+21 1.5580389015177307e+21 1.5048560217602114e+21 5.4579725738911815 14.182974671659682 4.42066181427977 24.061609059830637
7.199999999999996 1.6215212446557455e+21 1.22425029476946e+21 1.0022590532551975e+21 1.4356006176143756e+21 1.454824632528896e+21 1.4341890905280912e+21 1.1867484551540876e+21 1.1038847837488164e+21 2.6695779737832597 5.796648027249497 1.7957719804897445 10.261997981522502
7.299999999999995 1.1897790633913468e+21 9.101392346052391e+20 7.515110465802987e+20 1.0640057700223139e+21 1.064508716005125e+21 1.0592629428128695e+21 8.764650471538962e+20 8.054610571917031e+20 2.044547711169765 4.221188222609325 1.2857326118238974 7.551468545602988
7.399999999999995 9.203429761314009e+20 6.972731682270567e+20 5.754245628761098e+20 8.500744574002383e+20 8.163784061256095e+20 8.39697190343971e+20 6.66436377882975e+20 6.667993323696426e+20 1.1032760006507143 2.0911253728682087 0.6266792644776571 3.8210806379965803
7.499999999999995 7.282816070276242e+20 5.7785936810808515e+20 5.06008265606486e+20 8.412214421783288e+20 7.898518410128449e+20 8.279831709749531e+20 6.132429278409476e+20 6.779756325724248e+20 0.8198369226005588 1.56195531980466 0.4708447468732296 2.852636989278449
7.599999999999994 5.71633727523063e+20 4.685933744746744e+20 4.269397082668655e+20 7.633636240661443e+20 7.035277548569494e+20 7.489305086936315e+20 5.316914544919824e+20 6.227303147296168e+20 0.6043136872734935 1.0266211200185533 0.31219890582146387 1.9431337131135107
7.699999999999994 4.4302857756338605e+20 3.711071907039536e+20 3.488153847850213e+20 6.596844941759013e+20 5.949125258904306e+20 6.447235827278582e+20 4.4213107755842666e+20 5.462966924384186e+20 0.5423107806446524 0.8410538075037808 0.2572100549475308 1.640574643095964
7.799999999999994 3.5660599489091804e+20 3.066481026558086e+20 2.9940860543001625e+20 6.140771726306937e+20 5.400884228210236e+20 5.977326289299264e+20 3.908573170667596e+20 5.201133232623898e+20 0.42033225137209507 0.5871167238501277 0.18052002033915496 1.1879689955613777
7.899999999999993 2.8826603733059787e+20 2.5334802403478074e+20 2.5349443399088744e+20 5.349786004530793e+20 4.553883463589564e+20 5.180995957118954e+20 3.300761415358974e+20 4.8581162210157416e+20 0.30481877038104194 0.36798726262778375 0.1134776834611721 0.7862837164699978
7.999999999999993 2.237980092117569e+20 2.066040317121168e+20 2.224610598605298e+20 5.141683191764479e+20 4.1980589387581876e+20 4.954567065451768e+20 2.977801209279328e+20 5.000468208097406e+20 0.20976533228535896 0.21037736206960386 0.06550925957416757 0.4856519539291304
8.099999999999993 1.6998241078413348e+20 1.6299667747553116e+20 1.8426706364396356e+20 4.2982273941216474e+20 3.4265505101696185e+20 4.127507570008549e+20 2.4484242481737895e+20 4.1916887935393176e+20 0.16277439841007124 0.1362750641633265 0.04273953971359277 0.3417890022869905
8.199999999999992 1.2878189348926482e+20 1.29314488373468e+20 1.5652802641756455e+20 3.728245960618159e+20 2.8922336617617936e+20 3.5740705440244774e+20 2.075067338293704e+20 4.0774836864354025e+20 0.0829339976495193 0.05610624107403728 0.017659905564744026 0.1567001442883006
8.299999999999992 9.36278564775032e+19 9.962236987951212e+19 1.3014861975316496e+20 3.181880712333203e+20 2.427541573372783e+20 3.0455339773715625e+20 1.7350923862458925e+20 3.6269974132238995e+20 0.05893514246601112 0.035217586521600446 0.011113930085979573 0.10526665907359115
8.399999999999991 6.629702224583522e+19 7.507552162460457e+19 1.0290371057545804e+20 2.550621210201923e+20 1.9254684233016993e+20 2.4347073100236063e+20 1.373226514051691e+20 2.8697382483243657e+20 0.03644374499298504 0.01789752716528116 0.005681546155100256 0.060022818313366456
8.499999999999991 4.3229167127825875e+19 5.338219294474296e+19 7.974860561855304e+19 2.0956744218486433e+20 1.5499080952659768e+20 1.9929895931133025e+20 1.0869410491918315e+20 2.3917289420830566e+20 0.031286464030848324 0.01597259030238428 0.005088482422104699 0.05234753675533731
8.59999999999999 3.0630320153556963e+19 4.045221576562733e+19 6.35327815703599e+19 1.7059264167633004e+20 1.2435515567092579e+20 1.6164220711696948e+20 8.687249287358862e+19 1.896934245144969e+20 0.022574676651220007 0.010359060198968274 0.0033107828494456405 0.03624451969963392
8.69999999999999 2.100401526441137e+19 3.040982838787845e+19 5.2134084154037535e+19 1.4631110191942882e+20 1.0424970636819797e+20 1.3813697523589924e+20 7.218937044397181e+19 1.6907599130163757e+20 0.014564952293996928 0.006345302988909972 0.0020338160331354054 0.022944071316042307
8.79999999999999 1.5038567917519374e+19 2.354889678792106e+19 4.189551073112806e+19 1.2139757221896053e+20 8.434642193204548e+19 1.139640878533762e+20 5.818917251345267e+19 1.3970159617753358e+20 0.008577220315621454 0.0027854980447096123 0.000896678207641494 0.01225939656797256
8.89999999999999 1.0577471967553675e+19 1.8394420636022616e+19 3.5838677827481973e+19 1.082593821046532e+20 7.230727188423148e+19 1.0119298962779162e+20 4.991353323096466e+19 1.3139156273186852e+20 0.006511028519571234 0.0018920877522524584 0.0006091159827864085 0.009012232254610102
8.99999999999999 7.06566073678491e+18 1.4357689887621773e+19 3.0758080152799662e+19 9.821243752558445e+19 6.2505957080894685e+19 9.145726867470367e+19 4.31622738696202e+19 1.3162549747003389e+20 0.004914055009612085 0.0013089665678819053 0.00042080893504862517 0.006643830512542616
9.099999999999989 3.934979612532821e+18 1.0440662503223173e+19 2.8313411200178385e+19 9.452834783699172e+19 5.595000391485422e+19 8.824628402364396e+19 3.947300684596982e+19 1.5633486283361613e+20 0.004718699001637696 0.0013691283619785605 0.0004376995733242532 0.00652552693694051
9.199999999999989 1.9256494558609592e+18 7.107912943386018e+18 1.8374872803758486e+19 6.046586932988546e+19 3.6466037756626956e+19 5.626527283206735e+19 2.561825106950799e+19 8.956139727249447e+19 0.0037422757552931186 0.000818293029310324 0.00026227235055846526 0.004822841135161908
9.299999999999988 7.204986836878468e+17 4.671638496222633e+18 1.3454845946384054e+19 4.231519477983063e+19 2.5818549457360413e+19 3.961903378000885e+19 1.844456835746437e+19 6.3182759515710054e+19 0.004170776711457739 0.0007987137447729604 0.00025613394451862935 0.0052256244007493294
9.399999999999988 2.2331517768285962e+17 3.038052719300858e+18 1.0245875318817116e+19 3.074946496979073e+19 1.8839440265003254e+19 2.9040293954061017e+19 1.376835999447322e+19 4.970655557859582e+19 0.003837428401197672 0.0006183925519543524 0.00019789457161188136 0.004653715524763905
9.499999999999988 9.548277263299394e+16 2.0730585779634954e+18 8.021011261238658e+18 2.3183963321633473e+19 1.4191349260289677e+19 2.203389592378426e+19 1.0589583489245284e+19 3.983888604357931e+19 0.0028243877285867207 0.0002986233680432184 9.531557280207875e-05 0.0032183266694320177
9.599999999999987 4.206400484405703e+16 1.4994350972188777e+18 6.409305230761985e+18 1.7885851507376034e+19 1.1013163024159134e+19 1.7070928819101866e+19 8.343338125871499e+18 3.17571005616872e+19 0.0032091638730908944 0.0003065344084167362 9.77204528120344e-05 0.003613418734319665
9.699999999999987 1.4334402733815076e+16 1.0494565239748257e+18 4.398631827544549e+18 1.1400767279985498e+19 7.37559216166781e+18 1.0914670773163246e+19 5.634150127151553e+18 1.9006679399898006e+19 0.00263395271614755 0.0001256834207507036 4.0165235653306445e-05 0.00279980137255156
9.799999999999986 1.1629699231774372e+16 6.975019988032296e+17 3.881870344936575e+18 1.0321350886255102e+19 6.265444515661559e+18 9.913086821170625e+18 4.91296334196165e+18 1.987605968905497e+19 0.002487058556099369 0.0001001829375638345 3.182837580430963e-05 0.002619069869467513
9.899999999999986 6973038788076279.0 5.631467199723151e+17 3.4343007415490135e+18 9.092287451817912e+18 5.480434290663636e+18 8.744226989861503e+18 4.3272460841662397e+18 1.8047210046265088e+19 0.0028956306918818567 0.00012194729702626557 3.859342146046558e-05 0.003056171410368588
9.999999999999986 6973038788076279.0 5.631467199723151e+17 3.4343007415490135e+18 9.092287451817912e+18 5.480434290663636e+18 8.744226989861503e+18 4.3272460841662397e+18 1.8047210046265088e+19 0.0028956306918818567 0.00012194729702626557 3.859342146046558e-05 0.003056171410368588
