log10_duration FAKE.FAKE.1500 FAKE.FAKE.2500 FAKE.FAKE.BBa FAKE.FAKE.BBb FAKE.FAKE.D4000a FAKE.FAKE.D4000b FAKE.FAKE.U FAKE.FAKE.V Hbeta_EW OIIIr_EW OIIIb_EW OIIIHbeta_EW
6.0 3.1645487597601246e+20 8.347568077538302e+20 9.70063258275766e+20 1.0883576870111881e+21 1.0861401721942684e+21 1.0871314591605204e+21 1.0248211090277968e+21 9.595239609879357e+20 0.0 0.0 0.0 0.0
6.1 3.918550839839562e+20 1.1052336180881709e+21 1.3086208235443637e+21 1.4737286170826535e+21 1.471897786611417e+21 1.4730000453752888e+21 1.3857524344480735e+21 1.31232701239625e+21 0.0 0.0 0.0 0.0
6.199999999999999 4.327026765250502e+20 1.2780664059722575e+21 1.5352598758192036e+21 1.7441407077791598e+21 1.74011837431459e+21 1.7434848830105183e+21 1.6317061421820462e+21 1.5627218182195317e+21 0.0 0.0 0.0 0.0
6.299999999999999 4.6229273433688e+20 1.4510816136714463e+21 1.7788582581871683e+21 2.0525057083725403e+21 2.0447910037947618e+21 2.0515957740731284e+21 1.90131591681098e+21 1.8518811913072542e+21 0.0 0.0 0.0 0.0
6.399999999999999 4.13822639074979e+20 1.3509170175472624e+21 1.7156777839815077e+21 2.0645513612459867e+21 2.034668914500762e+21 2.0612278801022845e+21 1.851779593041758e+21 1.9032747567593148e+21 0.0 0.0 0.0 0.0
6.499999999999998 3.1940882582048624e+20 1.0606990762917864e+21 1.3991271637639695e+21 1.8182373028632616e+21 1.7584987468497661e+21 1.8108863197580532e+21 1.5492438021196924e+21 1.7452311077649659e+21 0.0 0.0 0.0 0.0
6.599999999999998 2.3667721527212664e+20 7.632381750257026e+20 9.856805690282078e+20 1.2562514238604386e+21 1.215974768921224e+21 1.2512957486153125e+21 1.084624366511121e+21 1.2107813730556015e+21 0.0 0.0 0.0 0.0
6.6999999999999975 1.7774675170665598e+20 5.7140256782819597e+20 7.354696600345267e+20 9.635621552042719e+20 9.234482696905386e+20 9.591530983316597e+20 8.18713719533442e+20 9.907707867312372e+20 0.0 0.0 0.0 0.0
6.799999999999997 1.2836894818618514e+20 4.152005996695682e+20 5.388849876314357e+20 7.20093845656111e+20 6.850330836715983e+20 7.160473287156036e+20 6.038567839312645e+20 7.819388205401221e+20 0.0 0.0 0.0 0.0
6.899999999999997 9.252321620921277e+19 3.0872876932284416e+20 4.060173457108409e+20 5.572225658979617e+20 5.2543980829803223e+20 5.5314718862997094e+20 4.5955098583036e+20 6.750939201578562e+20 0.0 0.0 0.0 0.0
6.9999999999999964 6.40351607173725e+19 2.1908600101149052e+20 2.962030271194851e+20 4.211590929850974e+20 3.889034675221982e+20 4.165029674149189e+20 3.360754326396262e+20 5.298977870314602e+20 0.0 0.0 0.0 0.0
7.099999999999996 4.5179255808544104e+19 1.6005108799821912e+20 2.2408127203554545e+20 3.333440736697803e+20 2.985845669837745e+20 3.2788550091207646e+20 2.539029039669458e+20 4.267602806587509e+20 0.0 0.0 0.0 0.0
7.199999999999996 3.282157056701703e+19 1.2145787620917561e+20 1.8068170174258977e+20 2.9708103293749264e+20 2.5768897206415544e+20 2.9041736635727885e+20 2.1022852669136398e+20 3.566625674234142e+20 0.0 0.0 0.0 0.0
7.299999999999995 2.41731686968665e+19 9.29955193862926e+19 1.4956689695324956e+20 2.846819235206898e+20 2.4071423705312906e+20 2.771579428023848e+20 1.8484699730235897e+20 3.365951936108447e+20 0.0 0.0 0.0 0.0
7.399999999999995 1.8787276112138756e+19 7.307600326700619e+19 1.2099898664561058e+20 2.4395169765380355e+20 2.0147645835911928e+20 2.364748073481073e+20 1.521182300704205e+20 2.816521467292167e+20 0.0 0.0 0.0 0.0
7.499999999999995 1.4719286365585514e+19 5.855233036497434e+19 1.0196278227222412e+20 2.2354275057160205e+20 1.8067327801814077e+20 2.158857098379588e+20 1.3247456951107151e+20 2.5554753209930046e+20 0.0 0.0 0.0 0.0
7.599999999999994 1.1517758699719911e+19 4.680469318595354e+19 8.538230114131549e+19 1.9987047841286495e+20 1.5634697124840728e+20 1.921418589634068e+20 1.1293356013294567e+20 2.3620282127871604e+20 0.0 0.0 0.0 0.0
7.699999999999994 8.971625492282508e+18 3.753808304359693e+19 7.225400850441748e+19 1.7844828145537787e+20 1.3595971899812844e+20 1.7080877885858192e+20 9.69740428832605e+19 2.1054017752097348e+20 0.0 0.0 0.0 0.0
7.799999999999994 6.758682008928621e+18 2.916101325930843e+19 5.940166104184671e+19 1.5278197662648874e+20 1.1259250245841268e+20 1.4569123728061294e+20 8.0112190848769e+19 1.9340302485739792e+20 0.0 0.0 0.0 0.0
7.899999999999993 5.294314932846087e+18 2.363660383214093e+19 5.070260614122575e+19 1.3314704946243799e+20 9.66603970959628e+19 1.2668534237781543e+20 6.858204024876651e+19 1.6802908589789158e+20 0.0 0.0 0.0 0.0
7.999999999999993 4.1198615702495913e+18 1.9097760036248064e+19 4.266149839940912e+19 1.1465612511768104e+20 8.179178493522736e+19 1.0895234023338824e+20 5.7928524936456724e+19 1.529617775841844e+20 0.0 0.0 0.0 0.0
8.099999999999993 2.956387521181984e+18 1.4390978297817217e+19 3.4072366072209994e+19 9.814353065613699e+19 6.804184443521373e+19 9.296048617778466e+19 4.739429471815447e+19 1.3824606973459662e+20 0.0 0.0 0.0 0.0
8.199999999999992 2.1967934754229765e+18 1.1366618426916555e+19 2.804599911113917e+19 8.535619812714878e+19 5.935691679157087e+19 8.061192586090498e+19 4.027128460063892e+19 1.1377850300558742e+20 0.0 0.0 0.0 0.0
8.299999999999992 1.4791828505384538e+18 8.178355212881074e+18 2.200171627630931e+19 7.44076470496607e+19 4.927564756254912e+19 6.99142261170494e+19 3.273566424630837e+19 1.045571608553268e+20 0.0 0.0 0.0 0.0
8.399999999999991 9.676242356668883e+17 5.798218212255815e+18 1.6865247825082374e+19 6.23874133317752e+19 3.977968217889722e+19 5.831188844581891e+19 2.5915571092387574e+19 9.078886972294298e+19 0.0 0.0 0.0 0.0
8.499999999999991 6.273634189823063e+17 4.255267184627281e+18 1.3358611734869608e+19 5.369876413301328e+19 3.3513557745552585e+19 4.982775913633822e+19 2.1291910426096046e+19 7.2870154246789276e+19 0.0 0.0 0.0 0.0
8.59999999999999 3.225414290519207e+17 2.709772670178135e+18 9.928085168055126e+18 4.375994265820269e+19 2.520359487957475e+19 4.035252290184199e+19 1.6041858701604534e+19 6.999370391947575e+19 0.0 0.0 0.0 0.0
8.69999999999999 1.6100700189904467e+17 1.8487317100911427e+18 7.734679220274927e+18 3.5766858129836945e+19 1.974870009665616e+19 3.2759405045101527e+19 1.2576187756535925e+19 5.806530879126226e+19 0.0 0.0 0.0 0.0
8.79999999999999 7.881367933767e+16 1.2238699807298212e+18 6.015212748949676e+18 2.797416823874103e+19 1.4752073410716123e+19 2.567133859536031e+19 9.605647301732147e+18 5.474547817457127e+19 0.0 0.0 0.0 0.0
8.89999999999999 3.2873428291214536e+16 8.33554756743651e+17 4.756972791466031e+18 2.182970737656434e+19 1.1463532521087666e+19 2.0114485406704378e+19 7.533267536006332e+18 4.793651975378503e+19 0.0 0.0 0.0 0.0
8.99999999999999 1.128274507968799e+16 5.3270690815485376e+17 3.8075209026434125e+18 1.6560655753495435e+19 8.700618897026543e+18 1.5329477111350202e+19 5.86965491100609e+18 3.5444388996704924e+19 0.0 0.0 0.0 0.0
9.099999999999989 6520438811066712.0 3.528803982089879e+17 3.071098896488292e+18 1.254368043724312e+19 6.634719462589286e+18 1.16449669555528e+19 4.5951947499034235e+18 2.4900162556855034e+19 0.0 0.0 0.0 0.0
9.199999999999989 4383684680823228.0 2.2385832847389357e+17 2.3653535958416553e+18 9.586209103868015e+18 4.890020223478671e+18 8.96406948655455e+18 3.4735818823121664e+18 2.309033109185251e+19 0.0 0.0 0.0 0.0
9.299999999999988 2654887679950370.0 1.4285904765628853e+17 1.7746491593848927e+18 7.095387836173705e+18 3.5326830918793866e+18 6.660477920484441e+18 2.559837762843435e+18 1.8532358576874267e+19 0.0 0.0 0.0 0.0
9.399999999999988 1058128177541277.8 8.502155620457333e+16 1.2958669140289446e+18 5.260015684355325e+18 2.485588936784355e+18 4.953837636131286e+18 1.8475554726771482e+18 1.475323992799216e+19 0.0 0.0 0.0 0.0
9.499999999999988 482849089326465.75 5.257585412375833e+16 9.350430153264303e+17 3.8508451115621775e+18 1.7410475705062116e+18 3.6354034102628675e+18 1.3213840483537024e+18 1.1419906095791985e+19 0.0 0.0 0.0 0.0
9.599999999999987 214272911423937.84 3.1983294525920428e+16 6.707386683093795e+17 2.8328664393140116e+18 1.2206823628871852e+18 2.681708172234735e+18 9.44695219620627e+17 8.85535777522242e+18 0.0 0.0 0.0 0.0
9.699999999999987 122043856373397.9 1.990741650287417e+16 4.945086074233024e+17 2.1377955505161242e+18 8.796126973132128e+17 2.0287319997811638e+18 6.940686264343012e+17 6.988962394280843e+18 0.0 0.0 0.0 0.0
9.799999999999986 87902614448277.4 1.4564520932315232e+16 3.9267304498127366e+17 1.7169478780596905e+18 6.924146846390587e+17 1.6312425196115103e+18 5.50968514538346e+17 5.661044511254486e+18 0.0 0.0 0.0 0.0
9.899999999999986 47847306035233.0 1.0142541064484588e+16 2.7444075157714256e+17 1.1438104215822653e+18 4.763647259280114e+17 1.0860116525914008e+18 3.7929985398932717e+17 3.475028606304744e+18 0.0 0.0 0.0 0.0
9.999999999999986 47847306035233.0 1.0142541064484588e+16 2.7444075157714256e+17 1.1438104215822653e+18 4.763647259280114e+17 1.0860116525914008e+18 3.7929985398932717e+17 3.475028606304744e+18 0.0 0.0 0.0 0.0
