log10_duration FAKE.FAKE.1500 FAKE.FAKE.2500 FAKE.FAKE.BBa FAKE.FAKE.BBb FAKE.FAKE.D4000a FAKE.FAKE.D4000b FAKE.FAKE.U FAKE.FAKE.V Hbeta_EW OIIIr_EW OIIIb_EW OIIIHbeta_EW
6.0 1.1877476520160213e+22 8.070057047002476e+21 6.911436936475387e+21 4.3315447231478345e+21 6.706641924309451e+21 5.719297156617202e+21 6.922307566562278e+21 3.801532705249103e+21 400.77054527161255 200.97485553387943 65.53926724016691 667.2846680456589
6.1 1.2916001301804324e+22 8.912890151064099e+21 7.695196990369356e+21 4.789505858165313e+21 7.463639845766791e+21 6.358408364266449e+21 7.70526067988647e+21 4.2321873103131656e+21 409.22580094714294 208.15973309668945 67.90376736606048 685.2893014098929
6.199999999999999 1.343376298470775e+22 9.385975966483044e+21 8.163332496253111e+21 5.05435187900928e+21 7.916583435384836e+21 6.741227113489447e+21 8.172910881582258e+21 4.493224135302816e+21 416.71322245458754 213.74724510689984 69.5327893962164 699.9932569577038
6.299999999999999 1.4868371452395644e+22 1.0592339548222718e+22 9.215230625097957e+21 6.30778654358598e+21 9.361388893869195e+21 8.098729335614325e+21 9.385979712276154e+21 5.505078229284487e+21 356.350241949408 181.84014230785823 59.168467736672916 597.3588519939391
6.399999999999999 1.5488758107786919e+22 1.1944552762399026e+22 1.0874660542052345e+22 1.1442481302282405e+22 1.4086624035011648e+22 1.2973882988174437e+22 1.2209892715539257e+22 9.422978099803374e+21 177.16643396868247 87.45947293358036 27.826985321873764 292.4528922241366
6.499999999999998 1.2046951454112427e+22 9.314289229586946e+21 8.640236997367221e+21 1.1140467380001788e+22 1.291152236847169e+22 1.2184534788110065e+22 1.0374993274899945e+22 9.234706670238821e+21 124.02645825232001 58.34092211534911 18.644958085844276 201.0123384535134
6.599999999999998 9.715555586560106e+21 7.31963849590977e+21 6.662178193970155e+21 8.994261273318102e+21 1.0109750788962698e+22 9.720676580498067e+21 8.06642266004659e+21 7.595817597698118e+21 111.77439505094789 49.8121987399828 15.98369612299465 177.57028991392534
6.6999999999999975 7.72745335574904e+21 5.605724105521927e+21 4.881895838648016e+21 5.670310059241627e+21 6.533527102990539e+21 6.210597875695483e+21 5.574213896933312e+21 4.987264067465489e+21 123.79400276368864 54.35434241619851 17.34551306966067 195.49385824954783
6.799999999999997 6.057443524086237e+21 4.337279207016572e+21 3.639349443216597e+21 3.9364344159554707e+21 4.5908224702111107e+21 4.301982079904778e+21 4.042368653301597e+21 3.312648295720068e+21 119.10016264268091 50.74568821056318 15.993824165203659 185.83967501844774
6.899999999999997 4.6908964268679333e+21 3.2736142605697763e+21 2.6100369760668835e+21 2.648384944871612e+21 3.1043499164757986e+21 2.872600616227684e+21 2.8267410921772737e+21 2.0905370184168804e+21 106.76022376893324 43.24099434356013 13.495857587881193 163.49707570037458
6.9999999999999964 3.458059799081223e+21 2.4141080263489403e+21 1.8859528773400697e+21 1.943616731953967e+21 2.2345138341074274e+21 2.0720194517882708e+21 2.0382367825030886e+21 1.4771312002764765e+21 83.03964813387368 31.619684676040926 9.773538775880226 124.43287158579483
7.099999999999996 2.53801861201965e+21 1.779170637478271e+21 1.352330006359818e+21 1.4407720026098253e+21 1.6132697451373186e+21 1.5038614962416e+21 1.4665539817614748e+21 1.0464128576920639e+21 54.13500671389673 18.509200712566432 5.6565627916269055 78.30077021809007
7.199999999999996 1.830550155596505e+21 1.2797329606752327e+21 9.549989670644984e+20 1.0652899163318093e+21 1.157777883543612e+21 1.0906103887944948e+21 1.04357146740951e+21 7.545890896596811e+20 28.30415381418626 7.829828010100442 2.3796699576791953 38.5136517819659
7.299999999999995 1.3898479156512618e+21 9.873493365855778e+20 7.475793810479054e+20 8.743700021429288e+20 9.257409913297792e+20 8.841566944207254e+20 8.233384023586e+20 6.178167391945197e+20 14.764546799733838 3.2255037226996515 0.9744190222040202 18.96446954463751
7.399999999999995 1.0352066333994056e+21 7.464514060167513e+20 5.756676592763961e+20 7.14888317128193e+20 7.362941977423253e+20 7.157395697753052e+20 6.422668414024479e+20 5.0476348672240864e+20 6.545464444207686 0.833838183009893 0.2501361806108626 7.629438807828441
7.499999999999995 8.261492308065046e+20 6.035808687636801e+20 4.742559189862164e+20 6.191828935868406e+20 6.161948631425669e+20 6.146318727060119e+20 5.2862784453352345e+20 4.4102138718312314e+20 4.281954717006513 0.6129009522480883 0.18025297829735357 5.0751086475519545
7.599999999999994 6.664429271886881e+20 5.006196178429465e+20 4.049832205337727e+20 5.6349430968201904e+20 5.4519782827274194e+20 5.5574906758466634e+20 4.5584478028636206e+20 4.07014725374689e+20 2.6543084558435948 0.4189473905557912 0.12199245454233308 3.195248300941719
7.699999999999994 5.298355489170948e+20 4.1123614118008173e+20 3.423042751471953e+20 5.004256242922492e+20 4.766419679152951e+20 4.918898508357276e+20 3.911697340650824e+20 3.658933560893824e+20 2.207617365948262 0.3141320625672602 0.09202830475478459 2.6137777332703065
7.799999999999994 4.049778796580515e+20 3.259918520122758e+20 2.8241075799776113e+20 4.485025656335067e+20 4.184725953352406e+20 4.389741490881624e+20 3.323427877652601e+20 3.340977021841045e+20 1.6087641034424025 0.1939541942337509 0.057656488478355604 1.860374786154509
7.899999999999993 3.3735600469710766e+20 2.8948410839342144e+20 2.6442424505352425e+20 4.5509538632276437e+20 4.1767367425315065e+20 4.443716887141852e+20 3.2104658232487635e+20 3.703623744386175e+20 1.0352195841907414 0.10854854126940469 0.03272876980607289 1.1764968952662191
7.999999999999993 2.6268243921172182e+20 2.3369892013312528e+20 2.2071463769771075e+20 3.997669709667416e+20 3.623434833262708e+20 3.890862994464751e+20 2.730759437567262e+20 3.0394011983746295e+20 0.8590344926317983 0.07870542443546402 0.023914884441734573 0.961654801508997
8.099999999999993 1.9759765077739897e+20 1.8298246542880974e+20 1.8137251360049273e+20 3.577466406827313e+20 3.138345169638325e+20 3.4640635781500613e+20 2.30679349824975e+20 3.0698523049499466e+20 0.6154304648674274 0.05053861315414663 0.015590753963373737 0.6815598319849477
8.199999999999992 1.5166440088710716e+20 1.4871959174887447e+20 1.563999795384608e+20 3.3769699295429565e+20 2.8863433647484692e+20 3.2576358148659485e+20 2.059336169731637e+20 3.184574079062799e+20 0.32578407849136237 0.02119246850828093 0.006620044390098202 0.35359659138974153
8.299999999999992 1.114917105232592e+20 1.1258574169167805e+20 1.2109357623095806e+20 2.6803321345689082e+20 2.2545467109635303e+20 2.575040350667854e+20 1.6011206354844474e+20 2.4141461959142723e+20 0.19631533752570912 0.009901768821492138 0.0031077787830335554 0.2093248851302348
8.399999999999991 8.924349663741603e+19 9.900474069505298e+19 1.1603754175630739e+20 2.9041607376816374e+20 2.4106946965105784e+20 2.7855529418919192e+20 1.630332300996414e+20 2.6987491880701814e+20 0.10823727599547123 0.0052487458469509685 0.0016662855990205306 0.11515230744144273
8.499999999999991 6.2832867689242e+19 7.292335222670134e+19 8.928629776696903e+19 2.3440978876471493e+20 1.8813089705726742e+20 2.2334104867276348e+20 1.2647401021807067e+20 2.151439719754084e+20 0.06432504297347631 0.0020927802918168543 0.0006682616293291378 0.06708608489462231
8.59999999999999 4.421028690571608e+19 5.823647186412934e+19 7.937496214068106e+19 2.378753403741216e+20 1.8515556977266344e+20 2.2566915119737173e+20 1.1938653741044017e+20 2.3280687777847073e+20 0.05471491448465833 0.002273419983774179 0.0007317848485254534 0.05772011931695796
8.69999999999999 2.9510925073678107e+19 4.024146820076279e+19 5.566743317135922e+19 1.6293295147485895e+20 1.2302780943286408e+20 1.535731491723968e+20 8.114652282039155e+19 1.555557989635352e+20 0.03657749697362473 0.0010120078619893357 0.0003265776733114211 0.03791608250892549
8.79999999999999 2.1146743865678782e+19 3.2866156511177265e+19 5.065208709885346e+19 1.5595667307068103e+20 1.1451116429535368e+20 1.465962072720744e+20 7.498993119515532e+19 1.6009641633138875e+20 0.02255824584705144 0.0006400955966331281 0.0002074309087684475 0.023405772352453016
8.89999999999999 1.6319750638873991e+19 2.702275275250278e+19 4.293059530083696e+19 1.3469920034953103e+20 9.712070887430732e+19 1.2618269664785465e+20 6.358262789869793e+19 1.3943102749400503e+20 0.015885894930633488 0.0003622878137025446 0.00011755916623286983 0.0163657419105689
8.99999999999999 1.1671841232527452e+19 2.222719592776078e+19 3.853487347956591e+19 1.2839973078193018e+20 8.996344454399253e+19 1.1994428814540623e+20 5.8249983187541656e+19 1.4518347764100008e+20 0.02014133673011867 0.0005535817097512692 0.00018017045586163474 0.020875088895731572
9.099999999999989 7.656597670618598e+18 1.3637035167957543e+19 2.3465218789301387e+19 7.054956620978476e+19 4.896171402857781e+19 6.573905056533309e+19 3.3203896887785746e+19 7.834617855254312e+19 0.01815066177241097 0.00032476699670626503 0.00010544481474083489 0.01858087358385807
9.199999999999989 4.673595945559375e+18 9.763034152187027e+18 2.018633986832666e+19 5.978877960233446e+19 4.060059618606407e+19 5.5799875297695695e+19 2.8083875143251866e+19 7.407949389999256e+19 0.014069636314929131 0.0002022710122703846 6.577048826256386e-05 0.01433767781546208
9.299999999999988 2.8028750407254897e+18 7.118241411453642e+18 1.5816101976568513e+19 4.722077532474297e+19 3.16326219722443e+19 4.4013844460154814e+19 2.196192193337058e+19 5.990214458577884e+19 0.011911021777684404 0.0001302267780045037 4.238322821065079e-05 0.012083631783899559
9.399999999999988 1.5768560004485281e+18 5.201976579776231e+18 1.2688843250527832e+19 3.779096256116758e+19 2.509770985320269e+19 3.5269529199475163e+19 1.7545818458661093e+19 5.0783579877649965e+19 0.01212437158051872 0.000122566172404441 3.990110587265464e-05 0.012286838858795815
9.499999999999988 7.356020600924532e+17 3.8679604486127514e+18 1.0309945130317777e+19 3.0373030995098137e+19 2.030484521142333e+19 2.844362747170335e+19 1.4246866042350948e+19 4.1809463872285336e+19 0.010839458493803423 7.644683985226294e-05 2.490891329180509e-05 0.010940814246947492
9.599999999999987 3.191120027284965e+17 2.9232094465988613e+18 8.280381553237211e+18 2.3933063140795167e+19 1.608154067752698e+19 2.2507112759100215e+19 1.1370469909290555e+19 3.4384616523422147e+19 0.012712618471113565 8.648016810024427e-05 2.8169632998730517e-05 0.01282726827221254
9.699999999999987 1.3131233523064973e+17 2.193728448448237e+18 6.086119256971874e+18 1.6562798490961443e+19 1.1499616742787131e+19 1.5653828166549598e+19 8.225089082754382e+18 2.255714645250491e+19 0.0074475651029939196 1.5204579649414785e-05 4.973558727260286e-06 0.007467743241370594
9.799999999999986 1.2635997650789776e+17 1.5708153406085737e+18 4.959867858059383e+18 1.337326112708659e+19 9.253873857964003e+18 1.2736229892499243e+19 6.678936338405927e+18 2.0945075413200343e+19 0.012495663801215818 4.484741915430047e-05 1.4616769305372747e-05 0.012555127989675492
9.899999999999986 2.2246863948688864e+17 1.480726802719277e+18 4.780943263641751e+18 1.2258698370202518e+19 8.634722572173763e+18 1.173372595955347e+19 6.328079810193867e+18 1.9528754873355588e+19 0.015257652748557247 6.880907672494232e-05 2.24017117824943e-05 0.015348863537064683
9.999999999999986 2.2246863948688864e+17 1.480726802719277e+18 4.780943263641751e+18 1.2258698370202518e+19 8.634722572173763e+18 1.173372595955347e+19 6.328079810193867e+18 1.9528754873355588e+19 0.015257652748557247 6.880907672494232e-05 2.24017117824943e-05 0.015348863537064683
