z Webb.NIRCam.F200W Webb.NIRCam.F277W Webb.NIRCam.F356W Webb.NIRCam.F444W
5.0 2.0273133165466578e-06 3.629778395508074e-06 3.1080842060520337e-06 2.670739994931796e-06
5.1 1.9543611113612222e-06 3.525967400295896e-06 2.304205267503344e-06 2.6263176648964195e-06
5.199999999999999 1.9061056910062346e-06 3.433960204389604e-06 2.079109759188816e-06 2.5738759394778e-06
5.299999999999999 1.8626828924125143e-06 2.7726808442697526e-06 2.4749245643474e-06 2.5175329512695808e-06
5.399999999999999 1.8125459767567756e-06 2.489625706953369e-06 2.625873507166107e-06 2.4573225815673217e-06
5.499999999999998 1.7647026055695763e-06 2.288044311453595e-06 2.728589847353402e-06 2.392744436407982e-06
5.599999999999998 1.718124618318887e-06 2.214568653804539e-06 2.7332303930411996e-06 2.3470096481205624e-06
5.6999999999999975 1.674043508313782e-06 2.147695998804561e-06 2.684903922967372e-06 2.2932539572031103e-06
5.799999999999997 1.6319524518810472e-06 2.0808996262771767e-06 2.655195820758434e-06 2.2378267433459157e-06
5.899999999999997 1.5919877650985634e-06 2.0215903891333056e-06 2.6083869881453823e-06 2.1818846217646995e-06
5.9999999999999964 1.551128851583896e-06 1.9588415648608436e-06 2.597121443014557e-06 2.120038373820642e-06
6.099999999999996 1.514051332295245e-06 1.8995277914332517e-06 2.5877735637644383e-06 2.049529538265091e-06
6.199999999999996 1.4778931560787923e-06 1.8140052730702267e-06 2.593034203212188e-06 1.9883228682064398e-06
6.299999999999995 1.4434157301046538e-06 1.723751181220444e-06 2.6016111498304005e-06 1.9348117147297752e-06
6.399999999999995 1.4121255282398942e-06 1.6676507833915183e-06 2.584075944197431e-06 1.8800022365014484e-06
6.499999999999995 1.3829541090674694e-06 1.617459615708215e-06 2.5621674061196272e-06 1.8012631968066798e-06
6.599999999999994 1.3551578131426091e-06 1.5624901974102875e-06 2.53758010370694e-06 1.6450087881646717e-06
6.699999999999994 1.3285267771579476e-06 1.497859866295348e-06 2.5243328484481633e-06 1.481624628106719e-06
6.799999999999994 1.3033450748444746e-06 1.4498428665160067e-06 2.477869667571932e-06 1.662087469503085e-06
6.899999999999993 1.2705916462811876e-06 1.3935837166739048e-06 2.34890880676367e-06 1.758243185748635e-06
6.999999999999993 1.2396553062877731e-06 1.34483644448037e-06 1.929859577290306e-06 1.7959998939974956e-06
7.0999999999999925 1.2168833564919672e-06 1.2810304278832767e-06 1.7001354037705487e-06 1.8022333172516178e-06
7.199999999999992 1.1958663640599882e-06 1.229207462281427e-06 1.5740477782981712e-06 1.780611388023413e-06
7.299999999999992 1.175794764672889e-06 1.19015201559354e-06 1.4970715633823368e-06 1.757001504392118e-06
7.3999999999999915 1.15644551682973e-06 1.1470680816703916e-06 1.4736470111811117e-06 1.7302869119156827e-06
7.499999999999991 1.1382665774735892e-06 1.1146392229132498e-06 1.4532584442471021e-06 1.7000958610101334e-06
7.599999999999991 1.120230259593057e-06 1.0963598864852287e-06 1.428225486047617e-06 1.6694114206353653e-06
7.69999999999999 1.102628793328722e-06 1.0791811460541519e-06 1.4000729837192012e-06 1.643402104040319e-06
7.79999999999999 1.0853651932514636e-06 1.0607626891634866e-06 1.3753614865687052e-06 1.6130795038704398e-06
7.89999999999999 1.068576618703656e-06 1.0417131091965846e-06 1.3473907736835762e-06 1.5981174763006544e-06
7.999999999999989 1.0528614905277288e-06 1.0235493273783867e-06 1.3166178421512273e-06 1.5931964702744808e-06
8.099999999999989 1.038961126619049e-06 1.0064936739062283e-06 1.2832011547640762e-06 1.5684615181587505e-06
8.199999999999989 1.036300791713045e-06 9.895456853515517e-07 1.225730962321349e-06 1.540287800304375e-06
8.299999999999988 1.034924481884041e-06 9.729924735055725e-07 1.1846660235726222e-06 1.5094374783611023e-06
8.399999999999988 1.0235927855452914e-06 9.568352342316195e-07 1.1582768413118474e-06 1.4799288977356023e-06
8.499999999999988 1.0092766917735669e-06 9.412424314904502e-07 1.1336084561000556e-06 1.4613170258280636e-06
8.599999999999987 9.955063913405962e-07 9.262936060492143e-07 1.1080566728882673e-06 1.4359411016470688e-06
8.699999999999987 9.816527116217522e-07 9.119111192483396e-07 1.0752311501803052e-06 1.4097848592804834e-06
8.799999999999986 9.687168866835878e-07 8.972677426024527e-07 1.042243466974081e-06 1.380076694832458e-06
8.899999999999986 9.568045460984516e-07 8.828268252586739e-07 1.016624736075528e-06 1.3355477850909967e-06
8.999999999999986 9.449445255655946e-07 8.694626147661586e-07 9.883326896447907e-07 1.2410864764081497e-06
9.099999999999985 9.333654356355317e-07 8.560373558536836e-07 9.572483044611961e-07 1.140250021507318e-06
9.199999999999985 9.212112945309061e-07 8.430932540266569e-07 9.281624704065908e-07 1.0734783700957364e-06
9.299999999999985 9.096298519859213e-07 8.311804841611806e-07 8.90778003113487e-07 1.0327036833306715e-06
9.399999999999984 8.990139382611406e-07 8.200757713498583e-07 8.586108054619545e-07 1.0051434112489537e-06
9.499999999999984 8.896642328023187e-07 8.093212378335318e-07 8.335576060214358e-07 9.864271713344465e-07
9.599999999999984 8.820161328671644e-07 7.985967589904018e-07 8.107630478213707e-07 9.70769483723887e-07
9.699999999999983 8.732362358572638e-07 7.8794168091168e-07 7.858018184922581e-07 9.535447029743431e-07
9.799999999999983 8.632845202987554e-07 7.778992895202948e-07 7.665393013670539e-07 9.368915125446896e-07
9.899999999999983 8.539050687258899e-07 7.683232509494971e-07 7.540753445188386e-07 9.21514508158697e-07
9.999999999999982 8.4455863307176e-07 7.582031759278847e-07 7.446712426798797e-07 9.059798676822632e-07
10.099999999999982 8.349964218531623e-07 7.464125869581322e-07 7.368566597907306e-07 8.907213507450059e-07
10.199999999999982 8.262643157890795e-07 7.350741164187338e-07 7.290011117321599e-07 8.750001268723917e-07
10.299999999999981 8.188550812448689e-07 7.253447131482291e-07 7.206058813932746e-07 8.587494770274203e-07
10.39999999999998 8.11534133559618e-07 7.169893566881575e-07 7.115643963564503e-07 8.422009470886558e-07
10.49999999999998 8.028378134424363e-07 7.091098634964264e-07 7.028303008827021e-07 8.222965216273723e-07
10.59999999999998 7.933766561642148e-07 7.01553025648468e-07 6.942464194226617e-07 8.022855075520093e-07
10.69999999999998 7.703489381429496e-07 6.941162100722557e-07 6.857930501016871e-07 7.849383735367029e-07
10.79999999999998 7.540981366217656e-07 6.866976735348408e-07 6.774090710788932e-07 7.709871054637877e-07
10.899999999999979 7.43369023446072e-07 6.794808118250406e-07 6.689766519267376e-07 7.582078963663564e-07
10.999999999999979 7.349577300736104e-07 6.725115554814378e-07 6.609116113298302e-07 7.453191865396395e-07
11.099999999999978 7.273017837929601e-07 6.654442751848529e-07 6.532086745390151e-07 7.322922695585048e-07
11.199999999999978 7.199557034154439e-07 6.587495271713375e-07 6.454448811272283e-07 7.185080618458308e-07
11.299999999999978 7.123961457596314e-07 6.522040118406302e-07 6.379173443751353e-07 7.049444615439014e-07
11.399999999999977 7.046229336807872e-07 6.459240526872082e-07 6.305279329132447e-07 6.921205797130824e-07
11.499999999999977 6.969606222980689e-07 6.401942504135032e-07 6.228894961156304e-07 6.804803687175006e-07
11.599999999999977 6.894374959088389e-07 6.379957965564838e-07 6.155482330561693e-07 6.682576453509056e-07
11.699999999999976 6.818546634150724e-07 6.363463505384024e-07 6.086425286087373e-07 6.561039325619785e-07
11.799999999999976 6.74518916102281e-07 6.339911079174807e-07 6.018371915790146e-07 6.439886957753435e-07
11.899999999999975 6.673984312833511e-07 6.313201454575641e-07 5.94798854768891e-07 6.310959770097479e-07
