z Webb.NIRCam.F200W Webb.NIRCam.F277W Webb.NIRCam.F356W Webb.NIRCam.F444W
5.0 1.4714486688864763e-05 2.6115609512208368e-05 2.1141281087191568e-05 1.758268974155987e-05
5.1 1.4204156073663994e-05 2.5348590038676903e-05 1.3165066201060283e-05 1.7377302267006018e-05
5.199999999999999 1.3921160294518228e-05 2.47107580256704e-05 1.1130892000668221e-05 1.7076810161323076e-05
5.299999999999999 1.3668724725763134e-05 1.7961800822206454e-05 1.563890239378073e-05 1.6723072017630956e-05
5.399999999999999 1.3329451744274741e-05 1.5285960084225012e-05 1.7499891276822345e-05 1.632129562123462e-05
5.499999999999998 1.3003201624230702e-05 1.3537131318986778e-05 1.883368844718254e-05 1.5864999493435955e-05
5.599999999999998 1.2679217631231602e-05 1.3241929120415282e-05 1.9097683017236824e-05 1.5591690092053136e-05
5.6999999999999975 1.2376733035200316e-05 1.304272124777844e-05 1.8785298703636347e-05 1.5227395899367695e-05
5.799999999999997 1.2091300477074994e-05 1.2826390439983737e-05 1.8672373745883038e-05 1.4836540854384204e-05
5.899999999999997 1.1822357942002674e-05 1.2669577224105773e-05 1.836665123165275e-05 1.4432825041649445e-05
5.9999999999999964 1.1534774028783912e-05 1.2470641402829108e-05 1.8426428310838242e-05 1.396077360743679e-05
6.099999999999996 1.1282524122845601e-05 1.2290529236964018e-05 1.850193150953079e-05 1.3394639557481723e-05
6.199999999999996 1.1035368210825506e-05 1.1793250781241885e-05 1.8741473172102207e-05 1.2918844091905847e-05
6.299999999999995 1.0804867380670796e-05 1.1223016300426506e-05 1.901324800191032e-05 1.251809021820514e-05
6.399999999999995 1.0602532106747938e-05 1.102316388656866e-05 1.898003434460274e-05 1.2099361639728353e-05
6.499999999999995 1.0413510351288214e-05 1.087884036931363e-05 1.8889533925721183e-05 1.1431492283978487e-05
6.599999999999994 1.0234335829104203e-05 1.0658787789583972e-05 1.8771674666535824e-05 9.96516286803326e-06
6.699999999999994 1.0062000581054633e-05 1.0302090632467266e-05 1.878293804502509e-05 8.443236291939603e-06
6.799999999999994 9.898747439330536e-06 1.0123334149203466e-05 1.8424961128987672e-05 1.0543760263986767e-05
6.899999999999993 9.642169593215143e-06 9.811681904938302e-06 1.7197295833276656e-05 1.1703669610425355e-05
6.999999999999993 9.409588432130268e-06 9.565963265969596e-06 1.285484523837025e-05 1.223384900772239e-05
7.0999999999999925 9.26055236701538e-06 9.13736014132929e-06 1.0547255372278294e-05 1.2419997799567147e-05
7.199999999999992 9.129204151292171e-06 8.818971634433638e-06 9.349724446954306e-06 1.2300791740562945e-05
7.299999999999992 9.004610331479643e-06 8.616759526059993e-06 8.692118755691003e-06 1.2155634558076614e-05
7.3999999999999915 8.885329370516864e-06 8.335669800313509e-06 8.63073107186847e-06 1.1974871501047802e-05
7.499999999999991 8.772512765105714e-06 8.112100716944355e-06 8.635665562000923e-06 1.1757218608376426e-05
7.599999999999991 8.660740734139033e-06 8.010261118118455e-06 8.6121019827923e-06 1.1529721280614893e-05
7.69999999999999 8.54972484870123e-06 7.90923287656938e-06 8.550097009981783e-06 1.1347034363645665e-05
7.79999999999999 8.441941164554272e-06 7.788442484020631e-06 8.525548543413145e-06 1.1116527981862423e-05
7.89999999999999 8.337847857878312e-06 7.658192530016981e-06 8.466727396438528e-06 1.1053331859379492e-05
7.999999999999989 8.240114609460945e-06 7.5345213799758296e-06 8.3711301686458e-06 1.110125489065923e-05
8.099999999999989 8.16508645216191e-06 7.419350301929589e-06 8.233670536816756e-06 1.0926044859227213e-05
8.199999999999989 8.233805447542878e-06 7.304837422083733e-06 7.825690097370513e-06 1.0706319430558727e-05
8.299999999999988 8.314905264907206e-06 7.191963933044034e-06 7.595064202972906e-06 1.0454523008335222e-05
8.399999999999988 8.26692284611588e-06 7.082740825018398e-06 7.529206193562846e-06 1.0218078227244513e-05
8.499999999999988 8.173728725887638e-06 6.977722415944417e-06 7.481887968839981e-06 1.0104804210415404e-05
8.599999999999987 8.08772334007185e-06 6.8778932925898946e-06 7.419907948049086e-06 9.911769497146597e-06
8.699999999999987 7.999946449224263e-06 6.782350787623856e-06 7.264964126599511e-06 9.709483343281157e-06
8.799999999999986 7.917566602562094e-06 6.681943003031016e-06 7.101669751990646e-06 9.47812243868158e-06
8.899999999999986 7.847954246444323e-06 6.582648160719627e-06 7.019065287707676e-06 9.083796399991265e-06
8.999999999999986 7.778497065511487e-06 6.495156689173957e-06 6.892856471096223e-06 8.153146487559663e-06
9.099999999999985 7.706734616240513e-06 6.405272360178599e-06 6.7226964193240145e-06 7.155011687449819e-06
9.199999999999985 7.633292206585673e-06 6.318032415358571e-06 6.574272586836882e-06 6.5229867543652856e-06
9.299999999999985 7.564892335342305e-06 6.240692471403812e-06 6.326482855317267e-06 6.1731511090275125e-06
9.399999999999984 7.501179241427344e-06 6.170493289046513e-06 6.127042043536076e-06 5.9733902686657096e-06
9.499999999999984 7.453107437351169e-06 6.102045736628135e-06 5.994956473523676e-06 5.883045486012597e-06
9.599999999999984 7.4298893177229146e-06 6.0326013482076e-06 5.87073590333517e-06 5.834886359655097e-06
9.699999999999983 7.388476770495411e-06 5.962279511430586e-06 5.70064098173718e-06 5.769744497456889e-06
9.799999999999983 7.3286628680968415e-06 5.897405764473788e-06 5.560997995938149e-06 5.708618390866993e-06
9.899999999999983 7.274204018839495e-06 5.837237201485013e-06 5.477668867982358e-06 5.6591129336225124e-06
9.999999999999982 7.218115929848532e-06 5.767858340807027e-06 5.42192257983431e-06 5.6043909402067995e-06
10.099999999999982 7.159521902581513e-06 5.6782892204878755e-06 5.381043395232105e-06 5.55053875268485e-06
10.199999999999982 7.10803176970331e-06 5.594474003294922e-06 5.336759720739482e-06 5.4892602316153935e-06
10.299999999999981 7.080544984335791e-06 5.528110443319268e-06 5.285107487787567e-06 5.41899570559436e-06
10.39999999999998 7.054546546962612e-06 5.475477663545412e-06 5.2253949386947526e-06 5.34120565125974e-06
10.49999999999998 7.005115095490723e-06 5.426857877121945e-06 5.167792923196189e-06 5.222941126770977e-06
10.59999999999998 6.940150384478601e-06 5.380637146318366e-06 5.1107414523176594e-06 5.100244070843098e-06
10.69999999999998 6.69655891775877e-06 5.3358718126492404e-06 5.053904187682394e-06 5.00471232528085e-06
10.79999999999998 6.5361881695437765e-06 5.291349843520928e-06 4.996646722885975e-06 4.9449465818698784e-06
10.899999999999979 6.447789908824397e-06 5.247628692411196e-06 4.938408803659991e-06 4.896018961381334e-06
10.999999999999979 6.3926492721751076e-06 5.205200102996512e-06 4.884742040951203e-06 4.8433669154012315e-06
11.099999999999978 6.345694872382183e-06 5.162632450169808e-06 4.833822686188618e-06 4.785563389622917e-06
11.199999999999978 6.300886091814002e-06 5.121627825003125e-06 4.781888511181633e-06 4.71521034908362e-06
11.299999999999978 6.2534710821610526e-06 5.081763898737156e-06 4.732066387692596e-06 4.644175533712021e-06
11.399999999999977 6.20542928748173e-06 5.044572949772007e-06 4.68273502822994e-06 4.5786333475344274e-06
11.499999999999977 6.156636082278984e-06 5.014120744557265e-06 4.629919861991789e-06 4.5234055178428445e-06
11.599999999999977 6.111290593778449e-06 5.029399499641509e-06 4.579693815518368e-06 4.456835280706884e-06
11.699999999999976 6.064564849049704e-06 5.051758317721792e-06 4.534225815465047e-06 4.3878564697591655e-06
11.799999999999976 6.0178463879932055e-06 5.0649998157018156e-06 4.488790704947969e-06 4.316981662990537e-06
11.899999999999975 5.971019475878277e-06 5.070962138996876e-06 4.441150442369541e-06 4.23559039773437e-06
