z Webb.NIRCam.F200W Webb.NIRCam.F277W Webb.NIRCam.F356W Webb.NIRCam.F444W
5.0 1.0416288276077978e-06 2.269052251418012e-06 2.1679454317309396e-06 1.990970606565668e-06
5.1 9.92601810733442e-07 2.1917438051403945e-06 1.586120720216393e-06 1.951620137837571e-06
5.199999999999999 9.571837511011173e-07 2.121848352576013e-06 1.413806957059053e-06 1.9068772529051663e-06
5.299999999999999 9.246965558380421e-07 1.6857095925283833e-06 1.657444727666936e-06 1.8597263806865256e-06
5.399999999999999 8.899673203239311e-07 1.4949081989763742e-06 1.7445703681251318e-06 1.810199842303324e-06
5.499999999999998 8.570735195790487e-07 1.3579324971909267e-06 1.8008620723107387e-06 1.757862732188266e-06
5.599999999999998 8.253594999748313e-07 1.3042178100041631e-06 1.7952801294106327e-06 1.7191436873804162e-06
5.6999999999999975 7.954419820065365e-07 1.2562140472064081e-06 1.7559316372208705e-06 1.6750060041509544e-06
5.799999999999997 7.67011746211914e-07 1.209078385788251e-06 1.7284352692011042e-06 1.6302046214101524e-06
5.899999999999997 7.40116118336882e-07 1.166833653918763e-06 1.6907084940160386e-06 1.5853113833843785e-06
5.9999999999999964 7.131648849254974e-07 1.1230081193460202e-06 1.6763323177256827e-06 1.536411742908443e-06
6.099999999999996 6.884845997905503e-07 1.0816915536700947e-06 1.663532853281459e-06 1.4815128024381303e-06
6.199999999999996 6.646453389372594e-07 1.0250043465804221e-06 1.6595815262666725e-06 1.4335487069405403e-06
6.299999999999995 6.420289319361943e-07 9.658357742481553e-07 1.6577166048933628e-06 1.39135227147972e-06
6.399999999999995 6.212556421627366e-07 9.276125821641866e-07 1.6404272375081806e-06 1.3484227966039114e-06
6.499999999999995 6.017674551344414e-07 8.932076107054466e-07 1.6205922342074741e-06 1.2885340213206707e-06
6.599999999999994 5.831167640067732e-07 8.563118003924372e-07 1.5989810423108229e-06 1.1731864198260558e-06
6.699999999999994 5.653787282633282e-07 8.141218230335408e-07 1.584481683343121e-06 1.0493433151284546e-06
6.799999999999994 5.486076896754749e-07 7.818941967909345e-07 1.549368050639224e-06 1.1560476463621812e-06
6.899999999999993 5.286035014917633e-07 7.45322397586556e-07 1.4609970483513467e-06 1.212968595578096e-06
6.999999999999993 5.097198533089941e-07 7.133299315961116e-07 1.1862315559268198e-06 1.2322273260991067e-06
7.0999999999999925 4.947453233827929e-07 6.731613264939787e-07 1.032873739011748e-06 1.2316546243643001e-06
7.199999999999992 4.808103450684447e-07 6.400064258613091e-07 9.47315833474048e-07 1.2135720369245027e-06
7.299999999999992 4.6750432911700607e-07 6.143160315957708e-07 8.936697594054483e-07 1.1943751659720755e-06
7.3999999999999915 4.5469478765889857e-07 5.866594430209649e-07 8.7413467688124e-07 1.1733275465077452e-06
7.499999999999991 4.425997951063747e-07 5.648968479843643e-07 8.571064499962156e-07 1.1501057219192183e-06
7.599999999999991 4.307927082629289e-07 5.510054969328037e-07 8.379506959358909e-07 1.1266688743284568e-06
7.69999999999999 4.1937645244003984e-07 5.379670323865006e-07 8.172893655549592e-07 1.1064294257210303e-06
7.79999999999999 4.08297811673552e-07 5.24577806957465e-07 7.98762372118253e-07 1.0836298700585857e-06
7.89999999999999 3.975689382312001e-07 5.11116749941273e-07 7.785043976888633e-07 1.0704722046500327e-06
7.999999999999989 3.874185809474183e-07 4.982676912948686e-07 7.567826532900091e-07 1.0634243579460174e-06
8.099999999999989 3.780208605623231e-07 4.86122930742258e-07 7.335335132349378e-07 1.0444473005365248e-06
8.199999999999989 3.723871324215324e-07 4.7419129585795287e-07 6.960395303520386e-07 1.023514810996801e-06
8.299999999999988 3.6735759844925907e-07 4.626020018533998e-07 6.68574606286639e-07 1.0009523708646612e-06
8.399999999999988 3.593181853460377e-07 4.5135849205206417e-07 6.500628316381331e-07 9.792579371131518e-07
8.499999999999988 3.5051598145483655e-07 4.4052068755256187e-07 6.327430812244431e-07 9.64321088696005e-07
8.599999999999987 3.419663273421468e-07 4.301203963931628e-07 6.150706980477292e-07 9.454122527785409e-07
8.699999999999987 3.335554360053268e-07 4.201229620496506e-07 5.932921596982125e-07 9.261691313479682e-07
8.799999999999986 3.2562350295821335e-07 4.1010031119577114e-07 5.715248694730745e-07 9.044364206886456e-07
8.899999999999986 3.1814786724737086e-07 4.0029184821200496e-07 5.541685433990328e-07 8.733688491079991e-07
8.999999999999986 3.108132552745191e-07 3.911321206259276e-07 5.354710409988914e-07 8.09952924306272e-07
9.099999999999985 3.037271596924338e-07 3.820432801732654e-07 5.152837078717021e-07 7.424412626100046e-07
9.199999999999985 2.9656395071215326e-07 3.732703262763893e-07 4.96378457941912e-07 6.974053768668951e-07
9.299999999999985 2.896972146104547e-07 3.6508075156309894e-07 4.7294582499421244e-07 6.693664679788129e-07
9.399999999999984 2.8323631233493435e-07 3.573314106814962e-07 4.525918238643802e-07 6.497029102932439e-07
9.499999999999984 2.772358023550103e-07 3.498452227068242e-07 4.363854367713335e-07 6.358198861333114e-07
9.599999999999984 2.7178746493417897e-07 3.424640775002712e-07 4.215539708123635e-07 6.243709080518504e-07
9.699999999999983 2.66144839987915e-07 3.351991971817057e-07 4.0561847417349974e-07 6.121312928516185e-07
9.799999999999983 2.6028769830530596e-07 3.2830144077094036e-07 3.929440837446466e-07 6.003076432761722e-07
9.899999999999983 2.547496394479615e-07 3.2170434006343255e-07 3.8410118187724285e-07 5.893211757726428e-07
9.999999999999982 2.493099749207723e-07 3.1491411226196727e-07 3.769409524331535e-07 5.783232345297678e-07
10.099999999999982 2.438941880090353e-07 3.074262645374456e-07 3.705956977327214e-07 5.675466799034917e-07
10.199999999999982 2.3883377653888026e-07 3.0022099247106607e-07 3.6431378457457906e-07 5.565625018985493e-07
10.299999999999981 2.341658618634146e-07 2.9381836410449746e-07 3.5787120092023494e-07 5.453288903809451e-07
10.39999999999998 2.295549638458789e-07 2.880981564292913e-07 3.512189489098307e-07 5.339732700603738e-07
10.49999999999998 2.2474863902872938e-07 2.8265061421838607e-07 3.4479190697912767e-07 5.206559832651335e-07
10.59999999999998 2.1978235886184777e-07 2.7740375676588306e-07 3.385097612998482e-07 5.073166512446935e-07
10.69999999999998 2.1061303993423323e-07 2.7227187425989365e-07 3.3234957005118356e-07 4.95645143317136e-07
10.79999999999998 2.036134128847589e-07 2.6721636104685163e-07 3.2628618539437544e-07 4.860736877862805e-07
10.899999999999979 1.9842270324895496e-07 2.6231103598048735e-07 3.2026930203752743e-07 4.772511923271463e-07
10.999999999999979 1.9403080940365352e-07 2.5757224829435554e-07 3.1448950211655486e-07 4.68417070387774e-07
11.099999999999978 1.899275301314334e-07 2.5285743220968767e-07 3.089334269400653e-07 4.595409415207056e-07
11.199999999999978 1.8597956276936257e-07 2.483363347193057e-07 3.034084736497443e-07 4.502445663186469e-07
11.299999999999978 1.820455922500308e-07 2.439280745873823e-07 2.980504717297565e-07 4.4113866134856137e-07
11.399999999999977 1.7811774975296358e-07 2.3966268000195786e-07 2.9280066802217804e-07 4.3252398828001594e-07
11.499999999999977 1.7429010161421067e-07 2.3562653688335177e-07 2.874698197842922e-07 4.2463478299663055e-07
11.599999999999977 1.7054910867190007e-07 2.3276071050127098e-07 2.823320787075472e-07 4.164449795515124e-07
11.699999999999976 1.6686067829729882e-07 2.3012214852129108e-07 2.7745834646608145e-07 4.0835332501472934e-07
11.799999999999976 1.6329193878216795e-07 2.2731403982336653e-07 2.7267432337803745e-07 4.003363273973103e-07
11.899999999999975 1.598403595849713e-07 2.2446984016913093e-07 2.6782689288525567e-07 3.9192656131451187e-07
