log10_duration FAKE.FAKE.1500 FAKE.FAKE.2500 FAKE.FAKE.BBa FAKE.FAKE.BBb FAKE.FAKE.D4000a FAKE.FAKE.D4000b FAKE.FAKE.U FAKE.FAKE.V HbetaEW
6.0 8.520099558492406e+21 6.113795577469732e+21 3.9937350250578203e+21 3.537714394258149e+21 3.930913536768902e+21 3.585234071723547e+21 3.9908861611627066e+21 2.4141185635887077e+21 0.0
6.1 8.740042333630306e+21 6.328609333213441e+21 4.145302297652438e+21 3.6739382963832934e+21 4.0827517306910765e+21 3.723626530902763e+21 4.1436256656326404e+21 2.5105110418748143e+21 0.0
6.199999999999999 9.23181840030717e+21 6.82773922650518e+21 4.502238044797774e+21 3.999140085929843e+21 4.4442553199037556e+21 4.0539050497403147e+21 4.5050175488032134e+21 2.74137403431932e+21 0.0
6.299999999999999 9.818594490259343e+21 7.483219985308023e+21 4.985218652971853e+21 4.451649002016099e+21 4.945394047201502e+21 4.513214481788434e+21 4.998430193744076e+21 3.064564028020743e+21 0.0
6.399999999999999 1.0220858867992146e+22 8.045202042710012e+21 5.43774850505354e+21 4.912484459981225e+21 5.446289686787727e+21 4.979980059810899e+21 5.469964155962182e+21 3.4035995665216664e+21 0.0
6.499999999999998 1.01372505975484e+22 8.188456161240024e+21 5.63028561804083e+21 5.195249290026152e+21 5.731874809847198e+21 5.263998598619163e+21 5.696007102519371e+21 3.637634823808526e+21 0.0
6.599999999999998 9.583645493787435e+21 7.860617102533361e+21 5.471863929008096e+21 5.143602782477725e+21 5.648329183344707e+21 5.208882209734403e+21 5.564736610835521e+21 3.6379077882546026e+21 0.0
6.6999999999999975 8.756345841723453e+21 7.238034573487986e+21 5.069045255743036e+21 4.822072085621359e+21 5.276544273303639e+21 4.881477904278034e+21 5.173551418190521e+21 3.448565672842168e+21 0.0
6.799999999999997 7.800364515348841e+21 6.483623584183116e+21 4.561188975097168e+21 4.388400319369896e+21 4.784776231930653e+21 4.4408473929127664e+21 4.6718457911203426e+21 3.187069358299616e+21 0.0
6.899999999999997 6.805917185688014e+21 5.689052071386851e+21 4.0198387473228686e+21 3.9096484245850853e+21 4.247691179191607e+21 3.9547120632570933e+21 4.131490514872889e+21 2.898124092701284e+21 0.0
6.9999999999999964 5.837402236684439e+21 4.911153241797046e+21 3.4876443993357046e+21 3.4299541090551726e+21 3.711325116753707e+21 3.467479968914829e+21 3.595848785811686e+21 2.6024877341953596e+21 0.0
7.099999999999996 4.937380154159233e+21 4.1827313549563795e+21 2.9888008538604107e+21 2.97501045515517e+21 3.2018001236664884e+21 3.0049907300078516e+21 3.0892927741442177e+21 2.3053682011600081e+21 0.0
7.199999999999996 4.136285377133552e+21 3.531525380963265e+21 2.544345923230709e+21 2.5731505454921527e+21 2.7492666142819515e+21 2.5958475791572926e+21 2.637446533921553e+21 2.0268729265889652e+21 0.0
7.299999999999995 3.4417496462381935e+21 2.9642019110326653e+21 2.1600521472771755e+21 2.2381344082267301e+21 2.368771326870433e+21 2.254110228891407e+21 2.2509847542116023e+21 1.7845185621265144e+21 0.0
7.399999999999995 2.851390037233858e+21 2.4776013055421585e+21 1.8295939655121355e+21 1.953718768028414e+21 2.0451414671566085e+21 1.9638251468160683e+21 1.9204536523439724e+21 1.5729426399773587e+21 0.0
7.499999999999995 2.3563595661791252e+21 2.0655093637597904e+21 1.5471856075602733e+21 1.7077543919148679e+21 1.7661296377968368e+21 1.7128544313902084e+21 1.6373074773935157e+21 1.3850612801382682e+21 0.0
7.599999999999994 1.9430991116786247e+21 1.718611634432858e+21 1.307846063254962e+21 1.4975798803914568e+21 1.527637373968851e+21 1.4984029182010151e+21 1.3967718066039536e+21 1.2243589113278675e+21 0.0
7.699999999999994 1.5990275486481638e+21 1.4274389268385408e+21 1.1052424751618872e+21 1.3156015663121063e+21 1.321646202294034e+21 1.3128175044726515e+21 1.191709273531196e+21 1.0851432210136194e+21 0.0
7.799999999999994 1.3126503065655417e+21 1.1830019374105598e+21 9.333201868986066e+20 1.1552291603222928e+21 1.1416875266370343e+21 1.1495779709048919e+21 1.0158380626122356e+21 9.636731629533046e+20 0.0
7.899999999999993 1.075189529253875e+21 9.785860545162517e+20 7.877378949355964e+20 1.0128152267432936e+21 9.842921145056563e+20 1.0050736267103072e+21 8.650771693733383e+20 8.561889281363887e+20 0.0
7.999999999999993 8.793727069956462e+20 8.087544285378892e+20 6.650297350801841e+20 8.869721187620765e+20 8.47840979802975e+20 8.778627486792934e+20 7.366105077281101e+20 7.606605369384053e+20 0.0
8.099999999999993 7.174367506744558e+20 6.669705037887482e+20 5.605089886137539e+20 7.753503836994943e+20 7.28836350585983e+20 7.65418940158422e+20 6.262069768531664e+20 6.770310628921567e+20 0.0
8.199999999999992 5.836207089215992e+20 5.486787200765026e+20 4.7136283884441593e+20 6.769654719215993e+20 6.260705018480023e+20 6.665666584440171e+20 5.315964370616306e+20 6.006281612142585e+20 0.0
8.299999999999992 4.733150954912532e+20 4.5010600997832747e+20 3.954434748223465e+20 5.909177427448026e+20 5.374330219572948e+20 5.802653214158564e+20 4.506338354045014e+20 5.3173595021139896e+20 0.0
8.399999999999991 3.824003944449625e+20 3.6772384881970184e+20 3.3042999581122324e+20 5.148695489052038e+20 4.597633704643924e+20 5.04136467023747e+20 3.806785632341669e+20 4.710692958013165e+20 0.0
8.499999999999991 3.079039884755167e+20 2.994214921248685e+20 2.7517032292053205e+20 4.476054963075044e+20 3.922782118474146e+20 4.369171372894145e+20 3.2065671266898346e+20 4.149299835899405e+20 0.0
8.59999999999999 2.469943626005249e+20 2.4288647517555098e+20 2.2834273728733466e+20 3.8792574851186046e+20 3.332150854205751e+20 3.774162270513453e+20 2.6909853945787305e+20 3.652342672729087e+20 0.0
8.69999999999999 1.9739131539507384e+20 1.9623412435140716e+20 1.8879715184017067e+20 3.345637892793909e+20 2.8125198655504977e+20 3.244051850154873e+20 2.2478832197258215e+20 3.2175798468779324e+20 0.0
8.79999999999999 1.5737268769593183e+20 1.58093875957449e+20 1.5574129646024363e+20 2.8690415966248832e+20 2.3610980082767652e+20 2.7733338919979044e+20 1.87104580465208e+20 2.8340019669509587e+20 0.0
8.89999999999999 1.2527280690445903e+20 1.2706233889332088e+20 1.2823582301243092e+20 2.4441985250085854e+20 1.972165467968984e+20 2.3569083276702086e+20 1.5523765812926244e+20 2.5018695565116034e+20 0.0
8.99999999999999 9.96129504168353e+19 1.0190955570302416e+20 1.054611438870467e+20 2.068758140055606e+20 1.640894545546186e+20 1.991261924236705e+20 1.2848675898137307e+20 2.1897502624638543e+20 0.0
9.099999999999989 7.916913463650383e+19 8.15829519893296e+19 8.666273771099469e+19 1.7397461713257415e+20 1.3599912396199628e+20 1.6723527693362823e+20 1.0610968348883624e+20 1.8864736516868594e+20 0.0
9.199999999999989 6.29137533023763e+19 6.521384470773877e+19 7.1121465317021975e+19 1.4552996326331064e+20 1.1227808015566756e+20 1.397675451913787e+20 8.74090689530423e+19 1.6162734439568212e+20 0.0
9.299999999999988 4.999184188809791e+19 5.206095931509155e+19 5.8231063906718966e+19 1.2112388585357843e+20 9.229124560479578e+19 1.1626867237951585e+20 7.176758557422557e+19 1.3849563177227723e+20 0.0
9.399999999999988 3.971910067558787e+19 4.151383379966317e+19 4.754220174449637e+19 1.0030456575546882e+20 7.5527716583553e+19 9.625634447278929e+19 5.871396861238255e+19 1.1807214648170953e+20 0.0
9.499999999999988 3.1553771616513106e+19 3.3072007733026603e+19 3.869945681097865e+19 8.269133369462519e+19 6.155197570998296e+19 7.934297829326841e+19 4.786592942537552e+19 1.0010913362273095e+20 0.0
9.599999999999987 2.5065759835300463e+19 2.6328939232555397e+19 3.141329489381082e+19 6.789726228760041e+19 4.9984685867505164e+19 6.5145733418101735e+19 3.8899586170489455e+19 8.440796249044656e+19 0.0
9.699999999999987 1.9911318372085993e+19 2.094977327490657e+19 2.544144287233847e+19 5.557981294967963e+19 4.04796114284907e+19 5.333011650754101e+19 3.1534887852222145e+19 7.086398852743413e+19 0.0
9.799999999999986 1.581669470164569e+19 1.6664855047582589e+19 2.0581971625408844e+19 4.542819599709012e+19 3.2736026903051616e+19 4.359379110104171e+19 2.5533282693709386e+19 5.933615614302107e+19 0.0
9.899999999999986 1.4096900366925101e+19 1.4863301912114932e+19 1.8519507004615463e+19 4.109444291789949e+19 2.944895584208576e+19 3.943741883601678e+19 2.2984684894654927e+19 5.4333978213915296e+19 0.0
9.999999999999986 1.4096900366925101e+19 1.4863301912114932e+19 1.8519507004615463e+19 4.109444291789949e+19 2.944895584208576e+19 3.943741883601678e+19 2.2984684894654927e+19 5.4333978213915296e+19 0.0
