log10_duration FAKE.FAKE.1500 FAKE.FAKE.2500 FAKE.FAKE.BBa FAKE.FAKE.BBb FAKE.FAKE.D4000a FAKE.FAKE.D4000b FAKE.FAKE.U FAKE.FAKE.V HbetaEW
6.0 1.8579143203225073e+21 2.569987660031902e+21 3.016093900986777e+21 2.1402721128139315e+21 3.590193758033221e+21 2.7838872730206056e+21 3.3688308780467754e+21 4.793900794377896e+21 384.5328298242009
6.1 1.8822930476253672e+21 2.608846646696205e+21 3.06620027990058e+21 2.172408706692505e+21 3.6512952202135973e+21 2.828857135049479e+21 3.4251905351896657e+21 4.886489521681175e+21 385.97427511766864
6.199999999999999 1.9412151529991638e+21 2.701844604897095e+21 3.1795587843389123e+21 2.2500242300924228e+21 3.785110639896534e+21 2.9316622576985514e+21 3.5506751829479763e+21 5.073945123007199e+21 386.3378095870559
6.299999999999999 2.0430143291474602e+21 2.8665815022056946e+21 3.3595084427230954e+21 2.4406760228105953e+21 4.0044832820906285e+21 3.1391523398842356e+21 3.750297288651961e+21 5.333404653039213e+21 363.35502740779697
6.399999999999999 2.1495576009626658e+21 3.0455519268054463e+21 3.542995169495585e+21 2.7009838425545003e+21 4.238249708957347e+21 3.3968384892217826e+21 3.9552089094895305e+21 5.634743654718271e+21 322.95788090330035
6.499999999999998 2.169272624849876e+21 3.094907636622705e+21 3.5772591817793025e+21 2.842379339048729e+21 4.2962326550040774e+21 3.5078753232592123e+21 3.995184889373865e+21 5.678614341405361e+21 291.5799993589176
6.599999999999998 2.084651524201372e+21 2.9979965039717054e+21 3.4638247058984586e+21 2.9541374580430613e+21 4.2586340551326785e+21 3.558693916508391e+21 3.9025729754903e+21 5.492872425682282e+21 257.73487808343873
6.6999999999999975 1.931966988486715e+21 2.799240238285496e+21 3.246026760801779e+21 3.0456320047317244e+21 4.1525266016227426e+21 3.5709541252052817e+21 3.7166280742823207e+21 5.227025572425952e+21 221.1218178077674
6.799999999999997 1.7393355017919094e+21 2.5280546343454213e+21 2.9340339389388114e+21 2.960482014344663e+21 3.8650321875283817e+21 3.4030346178365615e+21 3.4008396498539984e+21 4.820092807741024e+21 193.79833115915878
6.899999999999997 1.534069003386036e+21 2.2323068437401098e+21 2.5843880128157487e+21 2.726909112454103e+21 3.4564242907978515e+21 3.0927100477120384e+21 3.0142076455330765e+21 4.289342087077259e+21 175.05486301987264
6.9999999999999964 1.3334614744484508e+21 1.9430038704572622e+21 2.2420731174339892e+21 2.444598587400535e+21 3.029901129024794e+21 2.7431012590259284e+21 2.6256989398747065e+21 3.7234760854323504e+21 160.6966742886971
7.099999999999996 1.1443517846307263e+21 1.672955169483462e+21 1.9272334184298976e+21 2.1668698366585405e+21 2.631796931588193e+21 2.407659626597645e+21 2.2661436241688079e+21 3.1940791401577526e+21 147.97569064245056
7.199999999999996 9.717580274187093e+20 1.4274380057837526e+21 1.6433529747047758e+21 1.8989843085415937e+21 2.2651812728527876e+21 2.0912692639279318e+21 1.9389514696174304e+21 2.709219380761672e+21 136.82988338513198
7.299999999999995 8.176810593858463e+20 1.206866275504656e+21 1.3888183314105431e+21 1.6415739731617812e+21 1.9275557279385513e+21 1.793909970370707e+21 1.6422743383693428e+21 2.2741828148127282e+21 127.54588896469929
7.399999999999995 6.83806212250094e+20 1.0134024901180155e+21 1.1658482249824617e+21 1.4058816256739896e+21 1.6263124153310537e+21 1.5257554067914474e+21 1.3802428662676408e+21 1.8997247936152202e+21 119.72260088054874
7.499999999999995 5.699331600933058e+20 8.483713933358419e+20 9.770544231304728e+20 1.2071832997301007e+21 1.3732106263675016e+21 1.3006810497052744e+21 1.1591620652971473e+21 1.5937452795922235e+21 111.95492416492243
7.599999999999994 4.738296617825338e+20 7.094664329186559e+20 8.199530872685822e+20 1.044438401492595e+21 1.1661103407106811e+21 1.1167400059150978e+21 9.767872611502138e+20 1.3473438926865902e+21 103.8949129348226
7.699999999999994 3.928593796712015e+20 5.920699289078582e+20 6.876893151014781e+20 9.053456067189421e+20 9.915916459249516e+20 9.607506660511357e+20 8.23459954409268e+20 1.1430816512287977e+21 96.20755357700212
7.799999999999994 3.2507063719908685e+20 4.933440945337383e+20 5.7666413433626624e+20 7.870411795898213e+20 8.44815974576714e+20 8.289532737234903e+20 6.948564314257921e+20 9.744390222506148e+20 88.82613146546252
7.899999999999993 2.6870974352586703e+20 4.109083347576188e+20 4.839533710437084e+20 6.862831625845589e+20 7.210458807859779e+20 7.174043942159729e+20 5.871419735865384e+20 8.36412492220565e+20 81.69125770368946
7.999999999999993 2.217723547940822e+20 3.420159276575805e+20 4.066989893641639e+20 6.010753213073624e+20 6.167670110025244e+20 6.235166055606376e+20 4.970700065728208e+20 7.253971481754951e+20 74.63099719285273
8.099999999999993 1.825640764407204e+20 2.842136701564248e+20 3.4204318586083e+20 5.27574353295815e+20 5.281092464791017e+20 5.431541882953874e+20 4.212743004564e+20 6.326488792198206e+20 67.8943993031044
8.199999999999992 1.4987557279867483e+20 2.3567787500237993e+20 2.8760085881127643e+20 4.617235176421779e+20 4.511565060115944e+20 4.7207412110766375e+20 3.566635263773603e+20 5.533735771821944e+20 61.679553318859
8.299999999999992 1.2266665660327787e+20 1.94968741748685e+20 2.4180967011387438e+20 4.034617493914099e+20 3.8500677023712084e+20 4.098794646681744e+20 3.0184521670996414e+20 4.866439366658691e+20 55.841495500975036
8.399999999999991 1.0003951854098185e+20 1.6079242064312582e+20 2.0291701058320712e+20 3.5087146009549806e+20 3.2758086807391725e+20 3.5441358795029165e+20 2.5485917653142693e+20 4.261044544595738e+20 50.78415989705573
8.499999999999991 8.124538602177005e+19 1.3207327286528863e+20 1.6967186781170323e+20 3.033553973893047e+20 2.775846392901925e+20 3.048316591953433e+20 2.1439086755614527e+20 3.705457885243021e+20 46.518245221223694
8.59999999999999 6.574228015578879e+19 1.0809649342995215e+20 1.4143900287294367e+20 2.6112521985439157e+20 2.344601825818784e+20 2.611339803654946e+20 1.798017466839256e+20 3.204549799063031e+20 42.85829650225326
8.69999999999999 5.306600014214647e+19 8.827198696596662e+19 1.1773220207566625e+20 2.2425064354252548e+20 1.9768225500181332e+20 2.2322783605590435e+20 1.5056242883516154e+20 2.7646696370578165e+20 39.6003410751587
8.79999999999999 4.274448987222645e+19 7.195328664611177e+19 9.789098247241948e+19 1.923335136588733e+20 1.6645616280928977e+20 1.9059128294442038e+20 1.2593678064075951e+20 2.3841480879187434e+20 36.652838686852526
8.89999999999999 3.4376107633422176e+19 5.8583264115048866e+19 8.13789116718818e+19 1.6498686702502727e+20 1.4006827146857685e+20 1.6274586698409876e+20 1.0530279048846752e+20 2.059379807350179e+20 33.91475276414392
8.99999999999999 2.759878312694031e+19 4.7651051038096605e+19 6.774434572909081e+19 1.4203734482406e+20 1.180150612576536e+20 1.3944525877198632e+20 8.818270774818462e+19 1.7962966535657616e+20 31.153822223458437
9.099999999999989 2.2105948084514787e+19 3.869561877446146e+19 5.656910083328198e+19 1.2309513195581152e+20 9.968275315767525e+19 1.2027138403399115e+20 7.408184147337067e+19 1.602463632628656e+20 28.089905426338056
9.199999999999989 1.7657944113022114e+19 3.1334618187851735e+19 4.709266282370223e+19 1.0594198345599785e+20 8.377281730468443e+19 1.0308994182860446e+20 6.199329862840146e+19 1.4195891065351687e+20 25.46048282073967
9.299999999999988 1.4070965802421836e+19 2.5291044700079366e+19 3.888336538268466e+19 8.958004825305011e+19 6.9644917963378385e+19 8.691388677970467e+19 5.1379635296353804e+19 1.2195049411837108e+20 23.66957847356551
9.399999999999988 1.1193105925988465e+19 2.035229525932703e+19 3.1986687246015787e+19 7.501825339350245e+19 5.754620092735196e+19 7.264144130997358e+19 4.237499315817202e+19 1.0367796912402502e+20 22.17530277911486
9.499999999999988 8.896569099356827e+18 1.6341279096014928e+19 2.625679897757855e+19 6.244311411696965e+19 4.735746060938457e+19 6.038402430061035e+19 3.4841548220300567e+19 8.77499466271663e+19 20.840563484411888
9.599999999999987 7.069205292461696e+18 1.3102985955573694e+19 2.1527481790521262e+19 5.177505635645262e+19 3.887483231549878e+19 5.002001205904404e+19 2.8594417294520025e+19 7.401126035207376e+19 19.636031419157366
9.699999999999987 5.616260744157999e+18 1.0495603214664143e+19 1.7600243135362361e+19 4.266887439662876e+19 3.179290458819371e+19 4.1195214313908265e+19 2.3388336281981116e+19 6.182158529628805e+19 18.661341051867616
9.799999999999986 4.4616173945855176e+18 8.396962960817112e+18 1.436646240643493e+19 3.504861263191686e+19 2.5936136278154072e+19 3.382213243696749e+19 1.9090794957044044e+19 5.1464339574643425e+19 17.78734149881297
9.899999999999986 3.9766354756076534e+18 7.509481003857332e+18 1.2996222696024992e+19 3.1819396996700905e+19 2.3448430387218182e+19 3.0698995716400767e+19 1.7268250573894025e+19 4.713819410800793e+19 17.30103742362222
9.999999999999986 3.9766354756076534e+18 7.509481003857332e+18 1.2996222696024992e+19 3.1819396996700905e+19 2.3448430387218182e+19 3.0698995716400767e+19 1.7268250573894025e+19 4.713819410800793e+19 17.30103742362222
