log10_duration FAKE.FAKE.1500 FAKE.FAKE.2500 FAKE.FAKE.BBa FAKE.FAKE.BBb FAKE.FAKE.D4000a FAKE.FAKE.D4000b FAKE.FAKE.U FAKE.FAKE.V HbetaEW
6.0 9.348735981154105e+21 7.527516412197224e+21 7.318323642094731e+21 4.3063477535874367e+21 7.999424659691043e+21 5.68416954741834e+21 8.567797486405506e+21 1.1857724751805518e+22 399.7965721231991
6.1 9.560783833961217e+21 7.7269353898342e+21 7.448686042303186e+21 4.4339531798983653e+21 8.082402123948675e+21 5.803970583893379e+21 8.682695045635598e+21 1.172394424505891e+22 386.03267382167815
6.199999999999999 1.0031882898865847e+22 8.18599280092485e+21 7.741895196379208e+21 4.736826859880188e+21 8.278186370789013e+21 6.083249103392418e+21 8.941198352722058e+21 1.1421145353040175e+22 354.6586349974098
6.299999999999999 1.058358172563096e+22 8.775371027563268e+21 8.098754098092705e+21 5.152782600251838e+21 8.536389429363643e+21 6.45236737986316e+21 9.254763957839655e+21 1.1025004907962061e+22 313.55447872048563
6.399999999999999 1.0938674839379702e+22 9.252890318536408e+21 8.362434754056007e+21 5.566842342613436e+21 8.763726525823946e+21 6.795231838250338e+21 9.462247316183088e+21 1.0655207186417813e+22 272.76929837075517
6.499999999999998 1.0797611355954244e+22 9.297767442761875e+21 8.310784230437714e+21 5.79500081762704e+21 8.763792079441427e+21 6.926905950389889e+21 9.351732747354186e+21 1.0246139174669324e+22 239.94712437494684
6.599999999999998 1.0173611130699918e+22 8.850241467437923e+21 7.855128872021694e+21 5.677405478904773e+21 8.33974170196163e+21 6.687295212929243e+21 8.817817812420863e+21 9.491237002134784e+21 217.26264797525872
6.6999999999999975 9.266387639287947e+21 8.091377707002741e+21 7.121501811677498e+21 5.281468892824615e+21 7.581254989635772e+21 6.153975500905671e+21 7.977868829377786e+21 8.430775426775885e+21 200.44949019587804
6.799999999999997 8.229623380720267e+21 7.199881268548265e+21 6.281354573133323e+21 4.773311781151703e+21 6.708449542815244e+21 5.507410789485842e+21 7.026232216991585e+21 7.318716488644761e+21 185.20138126972702
6.899999999999997 7.160816523382696e+21 6.280208067276696e+21 5.434546237484933e+21 4.2267218498591156e+21 5.83132012340195e+21 4.833049218400478e+21 6.07397154554001e+21 6.28499932950511e+21 171.44541345640627
6.9999999999999964 6.127464409669087e+21 5.3939046783446e+21 4.637432697084354e+21 3.6883773601550875e+21 5.003695232841773e+21 4.182673410174002e+21 5.181835027109017e+21 5.3605136546523e+21 159.26712647840915
7.099999999999996 5.172688879507239e+21 4.574265912433714e+21 3.917076026499584e+21 3.1842288513134515e+21 4.2496506198688226e+21 3.5832193602240234e+21 4.3760547583296364e+21 4.5401077365854506e+21 148.80844797042406
7.199999999999996 4.326026912481143e+21 3.847271651470731e+21 3.2901785073487897e+21 2.741605947505222e+21 3.59381642729771e+21 3.0607684232513354e+21 3.6758361825737127e+21 3.8277716287016434e+21 139.0672655472579
7.299999999999995 3.594098950357866e+21 3.217780591086407e+21 2.7573808697412907e+21 2.373236562882156e+21 3.0463495740538314e+21 2.6265590664901857e+21 3.085563413934975e+21 3.229042574641108e+21 129.11285629424108
7.399999999999995 2.9734080019491607e+21 2.6807431833212535e+21 2.307121113051196e+21 2.0618173731368545e+21 2.58715491770449e+21 2.2615910822530109e+21 2.5895520017362914e+21 2.727997564622664e+21 119.3804846247263
7.499999999999995 2.4539403878129174e+21 2.227996410337963e+21 1.9284980734465108e+21 1.7941252789125736e+21 2.198995772800749e+21 1.9506204502593448e+21 2.1728937835654713e+21 2.3070837917608182e+21 110.2428103331104
7.599999999999994 2.0210696809219744e+21 1.8484600085301753e+21 1.6121274668229494e+21 1.5665333723949488e+21 1.873024907867854e+21 1.6881241953504356e+21 1.8250864032564196e+21 1.9596169046977303e+21 101.4438368770509
7.699999999999994 1.6612997458431841e+21 1.5311501087400812e+21 1.3479932112631945e+21 1.3706265109149306e+21 1.5970761031222118e+21 1.4641505379544248e+21 1.5340712459093931e+21 1.6710461646308426e+21 93.14957608614266
7.799999999999994 1.3623459328741183e+21 1.2657617747756206e+21 1.1268719229243627e+21 1.199106152985732e+21 1.3611501346321714e+21 1.2702130159159862e+21 1.2892409016545124e+21 1.4301301612554522e+21 85.37556319097888
7.899999999999993 1.1148115249211859e+21 1.0445588177235175e+21 9.419347703900917e+20 1.047771341220447e+21 1.1590219999466511e+21 1.1011599968508978e+21 1.0831634022849666e+21 1.2272639571906278e+21 78.12276147665476
7.999999999999993 9.109522378233747e+20 8.613253824089108e+20 7.878365293609334e+20 9.148118280666782e+20 9.869193325525609e+20 9.543730529423926e+20 9.104942031098185e+20 1.0557771899827083e+21 71.43230718449459
8.099999999999993 7.426050106610258e+20 7.088603079188197e+20 6.583093308769707e+20 7.975210805805258e+20 8.395418485846989e+20 8.263375652216886e+20 7.648249075474133e+20 9.117448809371266e+20 65.32644410523828
8.199999999999992 6.036704589000443e+20 5.8204241863186376e+20 5.4922030711691883e+20 6.946146900755834e+20 7.141669938046772e+20 7.15054042574262e+20 6.420342271195154e+20 7.872623646188895e+20 59.894702115925966
8.299999999999992 4.8927617613127844e+20 4.7665915017839516e+20 4.573909927438334e+20 6.049591556251704e+20 6.075011964912838e+20 6.188378494751392e+20 5.385438660790178e+20 6.800774603556563e+20 54.962475116258325
8.399999999999991 3.9510011065515704e+20 3.888467328147407e+20 3.796984998885349e+20 5.2603618221994115e+20 5.154751118270755e+20 5.3481008305837166e+20 4.506165735174056e+20 5.8895389071379903e+20 50.43905670867907
8.499999999999991 3.180047785699793e+20 3.162192476155283e+20 3.143425692647749e+20 4.564833918777909e+20 4.3656518522676924e+20 4.613026342333185e+20 3.7627644062927874e+20 5.0860096923458306e+20 46.48626406275099
8.59999999999999 2.550253713434301e+20 2.5624122787995963e+20 2.5947942527934756e+20 3.949823773452795e+20 3.6841387073886814e+20 3.967982189587706e+20 3.133186372113188e+20 4.3965916979804714e+20 42.91874765842374
8.69999999999999 2.0377456619490748e+20 2.068486850409233e+20 2.1354119924514167e+20 3.4017157711996885e+20 3.0922255423553366e+20 3.3980724045388e+20 2.5993499878089576e+20 3.808858342791731e+20 39.64299142993035
8.79999999999999 1.6244512253368916e+20 1.6652889801625295e+20 1.7540220521363236e+20 2.9135992728882764e+20 2.5833369029204122e+20 2.895710982393912e+20 2.1503428255616886e+20 3.303720863990895e+20 36.60607934069414
8.89999999999999 1.2930333773886841e+20 1.3376512259212799e+20 1.438568183421783e+20 2.4796013045536037e+20 2.1487403758952792e+20 2.454138569507994e+20 1.7743195044045773e+20 2.875018734133227e+20 33.73678371578216
8.99999999999999 1.028153913816832e+20 1.0723557015312146e+20 1.1787188249704602e+20 2.0968859900914827e+20 1.781183344337898e+20 2.0685100120061156e+20 1.4612270592637595e+20 2.4861785479235705e+20 31.19040691394453
9.099999999999989 8.17133480779399e+19 8.581449518035018e+19 9.652226398655619e+19 1.762092186795222e+20 1.4714418207517091e+20 1.733721003576349e+20 1.2012173337225685e+20 2.1219463865507214e+20 29.025458844325225
9.199999999999989 6.493496467658131e+19 6.857568418783829e+19 7.895399257914606e+19 1.4730517846499046e+20 1.2113189176812134e+20 1.4464268923773305e+20 9.854140137443636e+19 1.8033227267018123e+20 27.08333940010987
9.299999999999988 5.159770472319153e+19 5.473211828355374e+19 6.445370198157007e+19 1.2253426000474109e+20 9.932533821364145e+19 1.201417598856184e+20 8.061315333314087e+19 1.5335443353377358e+20 25.306574212574596
9.399999999999988 4.099501014518203e+19 4.363629361941106e+19 5.248596237228689e+19 1.014251132930333e+20 8.111623559429263e+19 9.933341245908787e+19 6.57428623447101e+19 1.2987577228070291e+20 23.755901121142916
9.499999999999988 3.2567504868953817e+19 3.4758444998158725e+19 4.262712081745419e+19 8.358159965695664e+19 6.599193034337776e+19 8.178759599257056e+19 5.345113120647257e+19 1.0948568005896104e+20 22.409595147657793
9.599999999999987 2.5871186604465242e+19 2.7668923194239377e+19 3.4533692041368527e+19 6.860456939244393e+19 5.351211436795874e+19 6.708788632730918e+19 4.333761242642345e+19 9.185644997339865e+19 21.246495601726913
9.699999999999987 2.0551261495144325e+19 2.201451790245526e+19 2.792055067214124e+19 5.614177585909614e+19 4.3282120534624715e+19 5.487311434731563e+19 3.5061521081787503e+19 7.678090639503519e+19 20.22296029894866
9.799999999999986 1.6325139048595782e+19 1.7510866597755955e+19 2.2551545595517817e+19 4.587467007239749e+19 3.4962537760260284e+19 4.481964464214954e+19 2.8335560173144154e+19 6.403637218489862e+19 19.290211734728935
9.899999999999986 1.4550096077719038e+19 1.561740687048515e+19 2.0275023741046276e+19 4.149239730768985e+19 3.1433481945366606e+19 4.053003976675957e+19 2.5482577109689692e+19 5.852312898858849e+19 18.8251877231021
9.999999999999986 1.4550096077719038e+19 1.561740687048515e+19 2.0275023741046276e+19 4.149239730768985e+19 3.1433481945366606e+19 4.053003976675957e+19 2.5482577109689692e+19 5.852312898858849e+19 18.8251877231021
