log10_duration FAKE.FAKE.1500 FAKE.FAKE.2500 FAKE.FAKE.BBa FAKE.FAKE.BBb FAKE.FAKE.D4000a FAKE.FAKE.D4000b FAKE.FAKE.U FAKE.FAKE.V HbetaEW
6.0 3.196460875729346e+20 8.547586828759875e+20 1.0509479977676769e+21 1.1120070459050158e+21 1.1986385641341701e+21 1.1502450208199618e+21 1.1444078979569737e+21 1.320406672299647e+21 51.128004195016715
6.1 3.2776877170657434e+20 8.83791218591304e+20 1.0870472843097507e+21 1.1534174982707572e+21 1.2384544767934514e+21 1.1914163279961873e+21 1.1824293706351281e+21 1.3502196922014504e+21 48.86418232001679
6.199999999999999 3.458425361923814e+20 9.51191524501047e+20 1.1716923070518167e+21 1.2521790523453787e+21 1.333164488116882e+21 1.289433648571699e+21 1.2720526039999494e+21 1.4222311784657993e+21 43.89661693837177
6.299999999999999 3.6724792427094416e+20 1.0395288948155139e+21 1.2851737752483303e+21 1.3893143288962836e+21 1.463991557098153e+21 1.4250497843694647e+21 1.3934212277891951e+21 1.5239475017313925e+21 37.75437132482767
6.399999999999999 3.8180750907167264e+20 1.115100377792018e+21 1.389784248199067e+21 1.528620099067726e+21 1.5938857576583583e+21 1.5618501417794617e+21 1.5072790233513974e+21 1.6323017361871675e+21 32.021671205657036
6.499999999999998 3.785282398897912e+20 1.1339765369320102e+21 1.4306179397271479e+21 1.6134858108090408e+21 1.6646258214736885e+21 1.6429929498633885e+21 1.5572856328216725e+21 1.701633079121592e+21 27.645685776501548
6.599999999999998 3.579695647997796e+20 1.0888808207376037e+21 1.386161337461501e+21 1.59663631279873e+21 1.633374658487781e+21 1.6218626685786349e+21 1.5149905790604988e+21 1.6747126817937217e+21 24.72985310368071
6.6999999999999975 3.2740650500175836e+20 1.0037691642227663e+21 1.2826219815033192e+21 1.4979597296813377e+21 1.5226428407488355e+21 1.5189864670830437e+21 1.405583645751114e+21 1.5690166206028317e+21 22.623087516829145
6.799999999999997 2.9226230735683794e+20 9.010777189242577e+20 1.1542418570093945e+21 1.365648229442307e+21 1.379776052147769e+21 1.3826484730033133e+21 1.26839855621729e+21 1.436034985807693e+21 20.75737433820445
6.899999999999997 2.5589919929041545e+20 7.934083030377788e+20 1.0188390820346686e+21 1.2202779303020423e+21 1.2261015258348648e+21 1.2336518988404794e+21 1.1226878282364393e+21 1.2965251496709464e+21 19.11832297097385
6.9999999999999964 2.2068693190601418e+20 6.885048128120433e+20 8.86947580218947e+20 1.0753166757235381e+21 1.0743826632940668e+21 1.0854947359277392e+21 9.799095939745836e+20 1.1590408371751845e+21 17.70573563890651
7.099999999999996 1.8813930962418998e+20 5.907698904917737e+20 7.64383012034192e+20 9.385101977928632e+20 9.316402346704259e+20 9.458800621035929e+20 8.462602443311566e+20 1.0252187148262777e+21 16.52419088015193
7.199999999999996 1.5931714619736972e+20 5.038283123360138e+20 6.559426048112123e+20 8.181495583521463e+20 8.056821672740909e+20 8.230157579399734e+20 7.279573216610897e+20 9.022402795029218e+20 15.454184662673857
7.299999999999995 1.3446753397932432e+20 4.285020933035796e+20 5.628044519823699e+20 7.181075146198044e+20 7.002135016259634e+20 7.207518529794263e+20 6.274595234798351e+20 7.962974798344862e+20 14.394564951412407
7.399999999999995 1.1346969388294462e+20 3.642974155802299e+20 4.833729283511456e+20 6.337026580275416e+20 6.111854029364779e+20 6.344940178465522e+20 5.4224961447917506e+20 7.051548316813812e+20 13.393384472406142
7.499999999999995 9.598249701038313e+19 3.103292031366513e+20 4.161531689843964e+20 5.613782606230092e+20 5.3526113065731804e+20 5.606780479938298e+20 4.7000960422974213e+20 6.257918451248739e+20 12.491082607835532
7.599999999999994 8.15149211095804e+19 2.653440969763813e+20 3.5985960836139287e+20 5.002974848218185e+20 4.7122551814510595e+20 4.9838978339383457e+20 4.0941029438008505e+20 5.590375946268504e+20 11.662072243381955
7.699999999999994 6.961622054541325e+19 2.2808501480091248e+20 3.1294768860996934e+20 4.4832680080609726e+20 4.16950348739747e+20 4.4546456322408985e+20 3.5860836517711184e+20 5.0256239937046145e+20 10.922851908797929
7.799999999999994 5.988253331043428e+19 1.973886308708304e+20 2.7399776182621533e+20 4.0373371190756396e+20 3.708025562187078e+20 4.001689526436897e+20 3.1605075546208305e+20 4.547662034972256e+20 10.275686880758206
7.899999999999993 5.200119684360038e+19 1.7236593801878828e+20 2.4195998974670245e+20 3.65557492085089e+20 3.3184550447211604e+20 3.6152700350139e+20 2.806889189125799e+20 4.142601219262827e+20 9.720993165839108
7.999999999999993 4.571585728625964e+19 1.522987697202693e+20 2.160104636854629e+20 3.334366341713582e+20 2.996017555605328e+20 3.291359029231945e+20 2.5179990795518663e+20 3.802021051614917e+20 9.261202237861074
8.099999999999993 4.077326866623567e+19 1.364147684995404e+20 1.9519762079264653e+20 3.068356468606111e+20 2.7327792757021812e+20 3.024022676026551e+20 2.2847261087521364e+20 3.524042394297285e+20 8.895488997119806
8.199999999999992 3.697928885754297e+19 1.2414521668259306e+20 1.7889902111698705e+20 2.854817472666332e+20 2.5246794669972455e+20 2.8099603480274295e+20 2.1014061346415624e+20 3.297092281692501e+20 8.624045026644168
8.299999999999992 3.417461117890864e+19 1.1501861623439917e+20 1.6662398046811803e+20 2.6908456234944836e+20 2.3666466915282865e+20 2.6458818999366094e+20 1.9629119834476518e+20 3.1195839667641876e+20 8.431635075536313
8.399999999999991 3.2208338882814816e+19 1.0857375327991279e+20 1.5784719173176027e+20 2.5712800409125408e+20 2.2521356686785262e+20 2.5264358415820764e+20 1.8633769296317874e+20 2.990773292961885e+20 8.303427727049579
8.499999999999991 3.093692129750111e+19 1.043833908740028e+20 1.520739653538277e+20 2.4908339996575777e+20 2.1758997356110614e+20 2.4461932774032586e+20 1.797570403196731e+20 2.9025140401362154e+20 8.23033222470748
8.59999999999999 3.020290840861907e+19 1.019530272668017e+20 1.4869373788336285e+20 2.442695529697152e+20 2.130656464787784e+20 2.3982458560509628e+20 1.758818869311271e+20 2.8494410176371127e+20 8.193457200251306
8.69999999999999 2.9840940302327804e+19 1.0074922982564043e+20 1.4700574553191252e+20 2.418070345033064e+20 2.107683520155e+20 2.37376558903426e+20 1.7393299288829864e+20 2.8226770725014048e+20 8.177367985562835
8.79999999999999 2.9696891613327225e+19 1.0026859584911319e+20 1.4632741317821381e+20 2.407940617616603e+20 2.098332322406403e+20 2.3637175318249842e+20 1.73145335168392e+20 2.8116674219669108e+20 8.171834521365776
8.89999999999999 2.965349982172815e+19 1.0012337576212372e+20 1.4612134297629083e+20 2.404794374447979e+20 2.095459751515226e+20 2.3606051907875524e+20 1.7290485748422184e+20 2.8082917938803065e+20 8.170339078085727
8.99999999999999 2.9644325773843472e+19 1.0009260351779396e+20 1.4607748434535218e+20 2.4041126134676904e+20 2.0948439168111867e+20 2.3599322345652217e+20 1.72853501338204e+20 2.807554356025984e+20 8.170071011031384
9.099999999999989 2.964308138702315e+19 1.0008842104263459e+20 1.4607150284817197e+20 2.4040182135861094e+20 2.094759398117417e+20 2.3598392061566193e+20 1.7284647670351833e+20 2.807449822606497e+20 8.170041942777678
9.199999999999989 2.9642984250157e+19 1.0008809407583183e+20 1.4607103373078279e+20 2.4040107275773264e+20 2.0947527393646526e+20 2.3598318371592176e+20 1.7284592457470866e+20 2.8074414013131112e+20 8.170040131362963
9.299999999999988 2.9642980434876527e+19 1.0008808121937809e+20 1.4607101522226844e+20 2.404010430041563e+20 2.094752475783339e+20 2.3598315445410136e+20 1.728459027568476e+20 2.807441067806865e+20 8.170040069343816
9.399999999999988 2.964298037118443e+19 1.0008808100460333e+20 1.4607101491211652e+20 2.404010425024988e+20 2.0947524713561466e+20 2.359831539610255e+20 1.728459023908076e+20 2.807441062150273e+20 8.170040068515814
9.499999999999988 2.9642980370819453e+19 1.0008808100337197e+20 1.4607101491033371e+20 2.404010424996027e+20 2.094752471330656e+20 2.359831539581801e+20 1.7284590238870182e+20 2.8074410621174288e+20 8.17004006851204
9.599999999999987 2.9642980370818904e+19 1.0008808100337012e+20 1.4607101491033101e+20 2.4040104249959835e+20 2.0947524713306178e+20 2.359831539581758e+20 1.7284590238869864e+20 2.807441062117379e+20 8.170040068512035
9.699999999999987 2.9642980370818904e+19 1.0008808100337012e+20 1.4607101491033101e+20 2.4040104249959835e+20 2.0947524713306178e+20 2.359831539581758e+20 1.7284590238869864e+20 2.807441062117379e+20 8.170040068512035
9.799999999999986 2.9642980370818904e+19 1.0008808100337012e+20 1.4607101491033101e+20 2.4040104249959835e+20 2.0947524713306178e+20 2.359831539581758e+20 1.7284590238869864e+20 2.807441062117379e+20 8.170040068512035
9.899999999999986 2.9642980370818904e+19 1.0008808100337012e+20 1.4607101491033101e+20 2.4040104249959835e+20 2.0947524713306178e+20 2.359831539581758e+20 1.7284590238869864e+20 2.807441062117379e+20 8.170040068512035
9.999999999999986 2.9642980370818904e+19 1.0008808100337012e+20 1.4607101491033101e+20 2.4040104249959835e+20 2.0947524713306178e+20 2.359831539581758e+20 1.7284590238869864e+20 2.807441062117379e+20 8.170040068512035
