log10_duration FAKE.FAKE.1500 FAKE.FAKE.2500 FAKE.FAKE.BBa FAKE.FAKE.BBb FAKE.FAKE.D4000a FAKE.FAKE.D4000b FAKE.FAKE.U FAKE.FAKE.V HbetaEW
6.0 2.5676124045947378e+20 6.343829014392119e+20 8.043565395974552e+20 8.102386402106093e+20 9.410256771456335e+20 8.738887436005238e+20 8.763240169532529e+20 1.0802532439180404e+21 114.88498237974795
6.1 2.598417002425406e+20 6.428801617913757e+20 8.157278254413544e+20 8.208182302490992e+20 9.543492976407553e+20 8.857707406137742e+20 8.887260737955449e+20 1.097493876401699e+21 115.57774170365164
6.199999999999999 2.6781755905502603e+20 6.653838546949597e+20 8.451662907724502e+20 8.495501736139158e+20 9.883115139120794e+20 9.17053732602705e+20 9.205553616969086e+20 1.1379717149084097e+21 115.75305596496092
6.299999999999999 2.835909414042329e+20 7.150349509677613e+20 9.124476685867581e+20 9.414742978023493e+20 1.0764378653919116e+21 1.009874211256388e+21 9.969970814039051e+20 1.254048540103669e+21 105.70179480015354
6.399999999999999 3.0120459221771407e+20 7.753986691687466e+20 9.971976036289388e+20 1.0775199424304754e+21 1.1942451457822732e+21 1.1437558081098572e+21 1.0957283460990471e+21 1.4499651775215334e+21 89.54797417685646
6.499999999999998 3.066247899563555e+20 8.021867870953098e+20 1.0387916517443202e+21 1.1648884097079654e+21 1.2611136986139292e+21 1.2265184868880742e+21 1.1473303189404646e+21 1.5690685736814033e+21 78.01548745792182
6.599999999999998 2.974683081198525e+20 7.91002563059593e+20 1.0396712593698922e+21 1.250581527427796e+21 1.3187416216757975e+21 1.3039592647659146e+21 1.1695205833533333e+21 1.6327400532307186e+21 66.45841010409757
6.6999999999999975 2.7843942594484994e+20 7.517582712250524e+20 1.0077145936501324e+21 1.3329961087697685e+21 1.362762919630863e+21 1.3753522805508745e+21 1.165997732201755e+21 1.690156339714681e+21 54.94143524889758
6.799999999999997 2.5321716918492185e+20 6.901824826553147e+20 9.375921158485129e+20 1.3272453050074386e+21 1.324485645486882e+21 1.3593344062024253e+21 1.1067785910631901e+21 1.6723282507888316e+21 46.93798265315377
6.899999999999997 2.25705436998052e+20 6.194327534389883e+20 8.479448707189886e+20 1.2445729066851885e+21 1.2235680671732143e+21 1.2687628297898243e+21 1.0109122104615376e+21 1.5686955690053586e+21 41.731537691952106
6.9999999999999964 1.9843801597535424e+20 5.48213778193016e+20 7.548498577724517e+20 1.1336672891538663e+21 1.1040625081876704e+21 1.1518107441254519e+21 9.056338345293203e+20 1.4201592558188366e+21 37.91272233046221
7.099999999999996 1.724551242336154e+20 4.803161600822817e+20 6.660761808901495e+20 1.0209923546766588e+21 9.866413447890255e+20 1.0342485498939584e+21 8.038576243943048e+20 1.266240959472273e+21 34.664054362134046
7.199999999999996 1.4859647782990755e+20 4.176638229825119e+20 5.8359643368714594e+20 9.097279659256763e+20 8.73632376708517e+20 9.191488323191346e+20 7.077205570678116e+20 1.1139885929769356e+21 31.927858346648964
7.299999999999995 1.2721540494254488e+20 3.605899091135381e+20 5.0719474820744485e+20 8.006900475409514e+20 7.64758666240296e+20 8.071673557982524e+20 6.169964354194705e+20 9.686854849142572e+20 29.73953163907784
7.399999999999995 1.0860308058908156e+20 3.099884543617615e+20 4.384495797360192e+20 6.997414871653607e+20 6.643794232889706e+20 7.0389189048602e+20 5.343185843538302e+20 8.38681802675903e+20 27.976415883185364
7.499999999999995 9.279560099201391e+19 2.6663674411090566e+20 3.7946599906491066e+20 6.14543044458784e+20 5.791160916305292e+20 6.167339577981574e+20 4.636746865311034e+20 7.315408647214831e+20 26.313964303049833
7.599999999999994 7.951664776338892e+19 2.301551011800123e+20 3.301041384183275e+20 5.450276344034875e+20 5.092487537400031e+20 5.456103267784639e+20 4.051863503095472e+20 6.452371107658912e+20 24.681585952594773
7.699999999999994 6.8426954750984266e+19 1.9946393267962547e+20 2.884182902185778e+20 4.860492780769709e+20 4.501869192537179e+20 4.853898278342878e+20 3.5583372021945316e+20 5.7305530249425905e+20 23.220893921339478
7.799999999999994 5.927166281747091e+19 1.739271843979883e+20 2.535590264989754e+20 4.365239507875351e+20 4.006778014028562e+20 4.348968188446611e+20 3.145627027304141e+20 5.133479635219623e+20 21.923055577820055
7.899999999999993 5.182053956959284e+19 1.530067952449001e+20 2.248487967917187e+20 3.9531624369985854e+20 3.595016447258927e+20 3.929346797639989e+20 2.8044524579660805e+20 4.649693953427161e+20 20.778141436154197
7.999999999999993 4.581708692792581e+19 1.3605758908315986e+20 2.0153372946995003e+20 3.615945682180481e+20 3.25678057712316e+20 3.586146327056667e+20 2.526155889844883e+20 4.269137889361374e+20 19.768046501400654
8.099999999999993 4.104837014074631e+19 1.2251689231967504e+20 1.82867868912033e+20 3.3415589078615694e+20 2.9823932530606886e+20 3.3074138381444324e+20 2.302185149288157e+20 3.963859841596633e+20 18.92474926666612
8.199999999999992 3.73580991063136e+19 1.1196218908803624e+20 1.6822274666347174e+20 3.117367864806225e+20 2.761568433909439e+20 3.080691077443093e+20 2.124462699261325e+20 3.718472213939804e+20 18.275626936539553
8.299999999999992 3.460862942556155e+19 1.040451058723112e+20 1.5717770090272116e+20 2.9431789411586035e+20 2.592229657197013e+20 2.9052112404653746e+20 1.9894350255094904e+20 3.5326561002027136e+20 17.790294690673267
8.399999999999991 3.266887176944316e+19 9.842012371583241e+19 1.492506459675819e+20 2.814008185502532e+20 2.4689022604163944e+20 2.7755928520202007e+20 1.891864759212183e+20 3.3921555156341306e+20 17.479070478232728
8.499999999999991 3.140537192020568e+19 9.472965637542537e+19 1.4398455355047077e+20 2.725695804033405e+20 2.385994176242753e+20 2.6872670625804193e+20 1.8266838849467417e+20 3.293509792551217e+20 17.30675376697152
8.59999999999999 3.0672173715550552e+19 9.257447129665683e+19 1.4087738443749999e+20 2.6725255435267165e+20 2.3366734600331815e+20 2.634213601997557e+20 1.7880784931923752e+20 3.2330303567981465e+20 17.222468629967384
8.69999999999999 3.0310003531664003e+19 9.150478232964394e+19 1.3932256507036785e+20 2.6454685328390272e+20 2.3118031379734462e+20 2.6072639590390255e+20 1.7686894075444098e+20 3.201851162210692e+20 17.1874026178716
8.79999999999999 3.0165481529340223e+19 9.107629281394713e+19 1.3869576826981972e+20 2.6344361245927342e+20 2.3017223976104945e+20 2.5962883568050147e+20 1.760852974304613e+20 3.189088268831998e+20 17.175368443468283
8.89999999999999 3.0121845142822187e+19 9.094652409230714e+19 1.3850481167371107e+20 2.6310410856333915e+20 2.2986345670891484e+20 2.592913894140379e+20 1.7584593072375887e+20 3.185139965589772e+20 17.17228927227073
8.99999999999999 3.0112598496550863e+19 9.091896296497842e+19 1.3846413506149799e+20 2.6303144409651053e+20 2.2979744646053593e+20 2.5921920186996798e+20 1.7579486149586315e+20 3.184299842177482e+20 17.171679874481118
9.099999999999989 3.01113413688763e+19 9.091520875434136e+19 1.3845858406634344e+20 2.6302150228714917e+20 2.2978841148132108e+20 2.5920932980030266e+20 1.7578788408232057e+20 3.184186786157881e+20 17.171596408829377
9.199999999999989 3.0111243007785714e+19 9.09149144207234e+19 1.384581483024421e+20 2.6302071831288742e+20 2.2978769953067477e+20 2.592085520312697e+20 1.757873354943108e+20 3.1841780331834586e+20 17.171589692121294
9.299999999999988 3.0111239138287084e+19 9.091490281666807e+19 1.3845813095376716e+20 2.6302068647426982e+20 2.2978767103499308e+20 2.59208520516741e+20 1.7578731358959465e+20 3.1841776629323275e+20 17.17158953097071
9.399999999999988 3.0111239073626812e+19 9.091490262241591e+19 1.3845813066213614e+20 2.630206859330769e+20 2.297876705542345e+20 2.592085199818924e+20 1.757873132206874e+20 3.1841776565671585e+20 17.17158952897063
9.499999999999988 3.0111239073256124e+19 9.091490262130067e+19 1.3845813066045725e+20 2.630206859299393e+20 2.297876705514601e+20 2.5920851997879475e+20 1.75787313218561e+20 3.1841776565301176e+20 17.171589528961384
9.599999999999987 3.011123907325557e+19 9.0914902621299e+19 1.3845813066045474e+20 2.6302068592993462e+20 2.2978767055145592e+20 2.5920851997879013e+20 1.7578731321855784e+20 3.184177656530062e+20 17.171589528961373
9.699999999999987 3.011123907325557e+19 9.0914902621299e+19 1.3845813066045474e+20 2.6302068592993462e+20 2.2978767055145592e+20 2.5920851997879013e+20 1.7578731321855784e+20 3.184177656530062e+20 17.171589528961373
9.799999999999986 3.011123907325557e+19 9.0914902621299e+19 1.3845813066045474e+20 2.6302068592993462e+20 2.2978767055145592e+20 2.5920851997879013e+20 1.7578731321855784e+20 3.184177656530062e+20 17.171589528961373
9.899999999999986 3.011123907325557e+19 9.0914902621299e+19 1.3845813066045474e+20 2.6302068592993462e+20 2.2978767055145592e+20 2.5920851997879013e+20 1.7578731321855784e+20 3.184177656530062e+20 17.171589528961373
9.999999999999986 3.011123907325557e+19 9.0914902621299e+19 1.3845813066045474e+20 2.6302068592993462e+20 2.2978767055145592e+20 2.5920851997879013e+20 1.7578731321855784e+20 3.184177656530062e+20 17.171589528961373
