log10_duration FAKE.FAKE.1500 FAKE.FAKE.2500 FAKE.FAKE.BBa FAKE.FAKE.BBb FAKE.FAKE.D4000a FAKE.FAKE.D4000b FAKE.FAKE.U FAKE.FAKE.V HbetaEW
6.0 1.9667267904525393e+21 2.569753021953783e+21 2.3022047573850037e+21 2.1372009573521157e+21 2.44485507139596e+21 2.2290091885164235e+21 2.427041680351782e+21 2.2143506759010586e+21 51.12800419501672
6.1 2.016603077822222e+21 2.656951007615026e+21 2.381286212253058e+21 2.2167887573610274e+21 2.5260827151550985e+21 2.3087696652460058e+21 2.5077742753257866e+21 2.263302048981629e+21 48.86418232001678
6.199999999999999 2.1278119710399146e+21 2.859339439741964e+21 2.5667145050407064e+21 2.4066008210770006e+21 2.719294622789213e+21 2.498654236409144e+21 2.6980276573937667e+21 2.3816081909078756e+21 43.89661693837177
6.299999999999999 2.2598672212966753e+21 3.124467388191587e+21 2.8153087644352297e+21 2.6701634630228676e+21 2.9861733465849285e+21 2.761370416321161e+21 2.9555372188249337e+21 2.548830428682939e+21 37.754371324827666
6.399999999999999 2.3498217281617e+21 3.3509503653391636e+21 3.0444677396233826e+21 2.937894057980337e+21 3.2511225230783813e+21 3.026365400196589e+21 3.196822109518903e+21 2.7270853733379657e+21 32.02167120565703
6.499999999999998 2.3299115200130871e+21 3.406893619301161e+21 3.1339211301405364e+21 3.100990868243524e+21 3.3953914884368514e+21 3.1835101555741814e+21 3.3021739279293775e+21 2.840582554838634e+21 27.64568577650154
6.599999999999998 2.2038099832833885e+21 3.270919347293766e+21 3.036548226620173e+21 3.0686006102614894e+21 3.3316296038735403e+21 3.1425071139399354e+21 3.211842928061508e+21 2.7939673638426016e+21 24.729853103680714
6.6999999999999975 2.0161839164984428e+21 3.0150880157834197e+21 2.809746214620957e+21 2.878948283221754e+21 3.105756847672863e+21 2.943136499765184e+21 2.9795354112747137e+21 2.616248635420107e+21 22.62308751682914
6.799999999999997 1.8002282703741447e+21 2.7065288203594844e+21 2.5285135135585626e+21 2.62465360697674e+21 2.8143369761350086e+21 2.6789412424227823e+21 2.688419744847174e+21 2.39320461358476e+21 20.757374338204457
6.899999999999997 1.5765635785078958e+21 2.3830252352706e+21 2.231890356928624e+21 2.3452620272312207e+21 2.5008666403804346e+21 2.3902270872721325e+21 2.3793087790987225e+21 2.159496501244956e+21 19.118322970973846
6.9999999999999964 1.359771697514697e+21 2.0678285602716047e+21 1.9429582545954655e+21 2.0666568522315625e+21 2.191379427984933e+21 2.1031449946603344e+21 2.0764858394324702e+21 1.9294486677905675e+21 17.705735638906507
7.099999999999996 1.1592702431332717e+21 1.774160374882699e+21 1.6744585083083775e+21 1.8037242501722357e+21 1.9001956137936515e+21 1.8326182800631886e+21 1.7930853820327327e+21 1.7058836035215313e+21 16.524190880151927
7.199999999999996 9.816504422430841e+20 1.5129080354577837e+21 1.4368997768157468e+21 1.5723991485421097e+21 1.643245294490129e+21 1.594547230121518e+21 1.5422142138616146e+21 1.500694929361595e+21 15.454184662673853
7.299999999999995 8.284602366208824e+20 1.2865454378401433e+21 1.2328624975635103e+21 1.380125054925418e+21 1.4280914718869063e+21 1.3963904482645975e+21 1.329002067210738e+21 1.324072052500152e+21 14.39456495141241
7.399999999999995 6.989939628791431e+20 1.0936157129546718e+21 1.058852879139994e+21 1.2179049227308808e+21 1.2464790226834605e+21 1.2292487588676952e+21 1.148187513820328e+21 1.1722105163180768e+21 13.393384472406142
7.499999999999995 5.911711147557675e+20 9.314649175537007e+20 9.115967936975396e+20 1.0789029300729072e+21 1.0916008976697978e+21 1.0862170773114976e+21 9.949126149081138e+20 1.0400525242209145e+21 12.491082607835533
7.599999999999994 5.019694786962103e+20 7.963177244995808e+20 7.88277320873489e+20 9.615101935116464e+20 9.609767329820718e+20 9.655230694852251e+20 8.663494724339544e+20 9.289160992869732e+20 11.662072243381955
7.699999999999994 4.2861307859007845e+20 6.84393772371515e+20 6.85510564932987e+20 8.616262554543488e+20 8.502647725349839e+20 8.629726174271438e+20 7.586015209139008e+20 8.349146299114633e+20 10.922851908797927
7.799999999999994 3.686136253894217e+20 5.921959681832811e+20 6.001863297425754e+20 7.759214865137225e+20 7.561348083300173e+20 7.752074871034068e+20 6.68376097522845e+20 7.553718159493e+20 10.275686880758206
7.899999999999993 3.200422488123272e+20 5.170504493772735e+20 5.3000451377201814e+20 7.025497481771045e+20 6.766761319212633e+20 7.003367594701328e+20 5.934408717072085e+20 6.879750293394188e+20 9.72099316583911
7.999999999999993 2.8131361654867545e+20 4.567952614026412e+20 4.7316003668169517e+20 6.408164688269117e+20 6.109126391055455e+20 6.375794557849023e+20 5.322461406099951e+20 6.313207187971566e+20 9.261202237861074
8.099999999999993 2.508652121982761e+20 4.091094389594058e+20 4.275683633377424e+20 5.8969210104707285e+20 5.572246444748618e+20 5.857849431563405e+20 4.828483512282296e+20 5.850801223060473e+20 8.895488997119806
8.199999999999992 2.2749785016832573e+20 3.722815229660554e+20 3.9186568959051845e+20 5.486523239428559e+20 5.147826702532999e+20 5.443128235838806e+20 4.44035670652114e+20 5.473414970245419e+20 8.624045026644168
8.299999999999992 2.102273160047092e+20 3.4489247990557855e+20 3.649769761380261e+20 5.171388913394799e+20 4.8255240177877516e+20 5.125249910482565e+20 4.147182055783168e+20 5.1783537577285163e+20 8.431635075536313
8.399999999999991 1.9812229998358705e+20 3.25555279013746e+20 3.457514268866856e+20 4.941597974841061e+20 4.591991000674743e+20 4.89384325707657e+20 3.936529291653008e+20 4.964259237408642e+20 8.303427727049579
8.499999999999991 1.902963474535331e+20 3.129844028456784e+20 3.3310525274392914e+20 4.7869908481374906e+20 4.436519406000003e+20 4.738388836207291e+20 3.797290515265711e+20 4.817609819469413e+20 8.230332224707482
8.59999999999999 1.8577891102072186e+20 3.0569433531230867e+20 3.25700949113052e+20 4.694474974716895e+20 4.3442554233992734e+20 4.645501087934042e+20 3.7153176912487154e+20 4.7294358570441245e+20 8.193457200251304
8.69999999999999 1.8355154644791715e+20 3.0208385289550155e+20 3.220034674350555e+20 4.6471484850597475e+20 4.297409262076252e+20 4.598076560445868e+20 3.6741046958542566e+20 4.684966473832229e+20 8.177367985562835
8.79999999999999 1.8266526987453088e+20 3.0064242268978446e+20 3.205176130681923e+20 4.6276804267821924e+20 4.2783412063196624e+20 4.5786112499490036e+20 3.657452418881422e+20 4.666674575696724e+20 8.171834521365776
8.89999999999999 1.8239833119702172e+20 3.0020693008325457e+20 3.200662281928134e+20 4.621633738162263e+20 4.272483967933185e+20 4.572582091241074e+20 3.652369490596214e+20 4.661065532210146e+20 8.170339078085727
8.99999999999999 1.8234189847615878e+20 3.001146524388163e+20 3.199701586521444e+20 4.6203234805119595e+20 4.271228296325641e+20 4.571278479287824e+20 3.651284151678852e+20 4.659840361956292e+20 8.170071011031384
9.099999999999989 1.8233424411299486e+20 3.00102110706847e+20 3.199570565974987e+20 4.620142056516118e+20 4.2710559680084614e+20 4.571098272602051e+20 3.6511357152304254e+20 4.6596667533223166e+20 8.170041942777676
9.199999999999989 1.8233364661980017e+20 3.0010113027327466e+20 3.1995602903051226e+20 4.6201276694429886e+20 4.271042391358458e+20 4.571083998157003e+20 3.651124049400706e+20 4.6596527703614915e+20 8.170040131362963
9.299999999999988 1.823336231519132e+20 3.0010109172300526e+20 3.199559884890667e+20 4.62012709762086e+20 4.2710418539401675e+20 4.571083431332637e+20 3.651123588447867e+20 4.659652216572186e+20 8.170040069343818
9.399999999999988 1.8233362276014237e+20 3.00101091079009e+20 3.1995598780970415e+20 4.620127087979723e+20 4.271041844913534e+20 4.571083421781428e+20 3.651123580714835e+20 4.6596522071799995e+20 8.170040068515814
9.499999999999988 1.8233362275789737e+20 3.0010109107531684e+20 3.19955987805799e+20 4.6201270879240644e+20 4.2710418448615604e+20 4.571083421726311e+20 3.6511235806703485e+20 4.6596522071254696e+20 8.17004006851204
9.599999999999987 1.82333622757894e+20 3.001010910753113e+20 3.1995598780579316e+20 4.6201270879239805e+20 4.2710418448614824e+20 4.571083421726228e+20 3.651123580670283e+20 4.659652207125388e+20 8.170040068512035
9.699999999999987 1.82333622757894e+20 3.001010910753113e+20 3.1995598780579316e+20 4.6201270879239805e+20 4.2710418448614824e+20 4.571083421726228e+20 3.651123580670283e+20 4.659652207125388e+20 8.170040068512035
9.799999999999986 1.82333622757894e+20 3.001010910753113e+20 3.1995598780579316e+20 4.6201270879239805e+20 4.2710418448614824e+20 4.571083421726228e+20 3.651123580670283e+20 4.659652207125388e+20 8.170040068512035
9.899999999999986 1.82333622757894e+20 3.001010910753113e+20 3.1995598780579316e+20 4.6201270879239805e+20 4.2710418448614824e+20 4.571083421726228e+20 3.651123580670283e+20 4.659652207125388e+20 8.170040068512035
9.999999999999986 1.82333622757894e+20 3.001010910753113e+20 3.1995598780579316e+20 4.6201270879239805e+20 4.2710418448614824e+20 4.571083421726228e+20 3.651123580670283e+20 4.659652207125388e+20 8.170040068512035
