log10_duration FAKE.FAKE.1500 FAKE.FAKE.2500 FAKE.FAKE.BBa FAKE.FAKE.BBb FAKE.FAKE.D4000a FAKE.FAKE.D4000b FAKE.FAKE.U FAKE.FAKE.V HbetaEW
6.0 9.348735981154105e+21 7.527516412197224e+21 7.318323642094731e+21 4.3063477535874367e+21 7.999424659691043e+21 5.68416954741834e+21 8.567797486405506e+21 1.1857724751805518e+22 399.7965721231991
6.1 1.1298611650732875e+22 9.361263877210785e+21 8.517064723550437e+21 5.479737216277446e+21 8.762439877895002e+21 6.785794124704136e+21 9.624332378275116e+21 1.0627552638690965e+22 296.25423891815524
6.199999999999999 1.2343922645588651e+22 1.0491589001173734e+22 9.192689788979284e+21 6.286963979474946e+21 9.276646653898468e+21 7.497017674220521e+21 1.0220520411498623e+22 9.916724896526324e+21 235.82782662636365
6.299999999999999 1.3044410415832703e+22 1.1550742687137176e+22 9.730361618559637e+21 7.180177385142876e+21 9.762608273894893e+21 8.217445512567305e+21 1.0684387256876682e+22 9.119260812175658e+21 172.54046919710626
6.399999999999999 1.1655618748415658e+22 1.0692838728013273e+22 9.069253323640407e+21 7.153343859564592e+21 9.533994940911984e+21 8.032043756495826e+21 9.888520661007528e+21 9.323032867332363e+21 144.70248820219814
6.499999999999998 9.002558421368841e+21 8.382207973706974e+21 7.257535504927559e+21 6.250900883005822e+21 8.077830817354858e+21 6.903731987880795e+21 8.066101045156987e+21 8.080934778510562e+21 122.22197357224898
6.599999999999998 6.659476196055023e+21 5.998548711884486e+21 5.059527203024852e+21 4.3073376875090286e+21 5.475813609844013e+21 4.744228085787356e+21 5.587953345984832e+21 5.2341964402174e+21 116.8290175329633
6.6999999999999975 4.963233116294025e+21 4.413700230494122e+21 3.6006598002815234e+21 3.257653858824989e+21 3.917572314152424e+21 3.5149260826186335e+21 3.9727048447792644e+21 3.533876347297177e+21 85.87823036167397
6.799999999999997 3.568031967548631e+21 3.171372545333985e+21 2.5338974542779667e+21 2.412446867764597e+21 2.82064956504261e+21 2.5605571977216367e+21 2.796718436419632e+21 2.5692241469616187e+21 63.68103758827023
6.899999999999997 2.556078272877124e+21 2.3334562432518775e+21 1.8344694393547255e+21 1.8512777290020201e+21 2.1078281581919792e+21 1.9327179959481092e+21 2.0392955757108564e+21 2.046179362896233e+21 42.75193187264088
6.9999999999999964 1.7626237096232126e+21 1.647768043097091e+21 1.3132753272115568e+21 1.3935019466007776e+21 1.539476553243895e+21 1.4374535186921402e+21 1.4662555241557726e+21 1.5617607321173602e+21 32.99701286739951
7.099999999999996 1.2380121640040467e+21 1.195679455278718e+21 9.760646932693552e+20 1.0977990045432062e+21 1.1573801660985604e+21 1.1170846528183646e+21 1.083811258897698e+21 1.2021283766133706e+21 24.0155453658879
7.199999999999996 8.940089702115642e+20 9.003721832346693e+20 7.736307523111454e+20 9.736307905588462e+20 9.749285321447021e+20 9.76976427494805e+20 8.714230763445535e+20 9.648116499504152e+20 15.399111822888626
7.299999999999995 6.543861898450061e+20 6.852252556492931e+20 6.337233041728159e+20 9.299816436143836e+20 8.936814621236736e+20 9.251859347320905e+20 7.474297426979818e+20 8.73785523883835e+20 9.759770694543482
7.399999999999995 5.065684838930304e+20 5.366052900899381e+20 5.097373442488726e+20 7.958894359885669e+20 7.424010256998599e+20 7.868530797460437e+20 6.083634115010645e+20 7.208174470868635e+20 7.543846846507644
7.499999999999995 3.952260702345743e+20 4.2848340491620444e+20 4.274198319094808e+20 7.285190689108361e+20 6.619832203737394e+20 7.164279393085561e+20 5.2391514867439645e+20 6.463938072810838e+20 5.538771165088436
7.599999999999994 3.083169078207676e+20 3.417941327615782e+20 3.5715542813403336e+20 6.510306724841461e+20 5.7140062413258385e+20 6.368162538199427e+20 4.4429123481896275e+20 5.920499862932767e+20 4.589662930369487
7.699999999999994 2.3930447726880096e+20 2.734601270982686e+20 3.0178086000443025e+20 5.8101813163896635e+20 4.956166947979372e+20 5.65557805198647e+20 3.796969491395949e+20 5.249153542765218e+20 3.949119703171221
7.799999999999994 1.7963007802279382e+20 2.1169394622523412e+20 2.471142159936561e+20 4.971534364882113e+20 4.0929994198296796e+20 4.8167324981038724e+20 3.115755007215447e+20 4.7719764948115764e+20 2.682763942462722
7.899999999999993 1.4024445531493741e+20 1.711329963221323e+20 2.1037062345602636e+20 4.331257016699823e+20 3.5082197451690364e+20 4.1847590391895045e+20 2.65604257234135e+20 4.1397971661000475e+20 1.9889206530749304
7.999999999999993 1.0881102912340745e+20 1.3808072996356162e+20 1.7693447445805007e+20 3.729481047287356e+20 2.9676413649145535e+20 3.598262106976543e+20 2.240373275390792e+20 3.752009005491173e+20 1.8125633581516711
8.099999999999993 7.782740392710203e+19 1.0392797236841131e+20 1.4123850611901157e+20 3.192033972796688e+20 2.4681376370190103e+20 3.069154329111443e+20 1.8280011785121055e+20 3.37894906852244e+20 1.5758999548387693
8.199999999999992 5.751855141574624e+19 8.185524245869357e+19 1.1602306977433456e+20 2.7754833716919976e+20 2.149291309597735e+20 2.659674353744047e+20 1.5443559584712494e+20 2.785125122246069e+20 1.1504689266391945
8.299999999999992 3.851833465404321e+19 5.878480096322908e+19 9.089297919035243e+19 2.418996495845083e+20 1.782698291963295e+20 2.3054866776887922e+20 1.2496325231870244e+20 2.5506933119820998e+20 0.761504206403555
8.399999999999991 2.5020246145932063e+19 4.1612586265431515e+19 6.9612801462070624e+19 2.0280153059216844e+20 1.4382988592719969e+20 1.9222516619035283e+20 9.86141739411786e+19 2.2094124513286442e+20 0.5565072672070758
8.499999999999991 1.6005427224965667e+19 3.0474785791957164e+19 5.5083410155623875e+19 1.745479629797546e+20 1.2108948773419704e+20 1.6420281643590084e+20 8.074571614559651e+19 1.780616931885804e+20 0.3979031744029091
8.59999999999999 8.036001970669354e+18 1.9362489017572393e+19 4.091450576168201e+19 1.4222715855556095e+20 9.104903670851333e+19 1.329439604052604e+20 6.074115176025163e+19 1.692413593016595e+20 0.25597323354553847
8.69999999999999 3.879041524245067e+18 1.317140605919024e+19 3.1851501498742637e+19 1.1623899697168558e+20 7.1322876078411784e+19 1.0789907887625167e+20 4.754029186037445e+19 1.4022017038164954e+20 0.1497970818503596
8.79999999999999 1.8875004787509983e+18 8.703881073209268e+18 2.4765894151616184e+19 9.090507038911404e+19 5.330325249378815e+19 8.45500846175711e+19 3.634826977322772e+19 1.3088109276639324e+20 0.10352163722065838
8.89999999999999 7.875806839786655e+17 5.911897527214772e+18 1.9581933424228385e+19 7.093347228569418e+19 4.143482247736366e+19 6.624916812125166e+19 2.8516805048014852e+19 1.1395636588250153e+20 0.07844005967040975
8.99999999999999 2.737028139503183e+17 3.762417450485851e+18 1.5672926070109276e+19 5.381014153351315e+19 3.1465507858868433e+19 5.049052257529944e+19 2.2249130912650146e+19 8.4617191171512e+19 0.06936101549074376
9.099999999999989 1.623161308220017e+17 2.47901333966459e+18 1.2636773647217596e+19 4.075639396421689e+19 2.400055494702268e+19 3.8352807066094486e+19 1.7433680604485994e+19 5.985458555367527e+19 0.02595014516698404
9.199999999999989 1.1046552647751328e+17 1.5681518191942344e+18 9.736569031406565e+18 3.114510510667298e+19 1.7700517734074458e+19 2.9527400124796084e+19 1.3201010384331203e+19 5.497805294158814e+19 0.048456138708345795
9.299999999999988 6.7331579946986824e+16 9.979544292277212e+17 7.30693056033346e+18 2.305242738099258e+19 1.279343847859537e+19 2.1941453096502346e+19 9.742229542565325e+18 4.398011464794612e+19 0.0635940380010836
9.399999999999988 2.7314965106661264e+16 5.912904194219383e+17 5.33668596033384e+18 1.7088765971453432e+19 9.005506501437916e+18 1.6320099048723188e+19 7.03744311620817e+18 3.4936799744847725e+19 0.06336940215877293
9.499999999999988 1.2536968472110424e+16 3.640992087869414e+17 3.8510028146261734e+18 1.2510260141143802e+19 6.309719474931653e+18 1.1976872945988086e+19 5.035734446098675e+18 2.6993502200004133e+19 0.055645956613645325
9.599999999999987 6279000206632264.0 2.2087047704980957e+17 2.7633967772523423e+18 9.202991092101622e+18 4.425838294185885e+18 8.835558291326911e+18 3.602722891150953e+18 2.089764966335647e+19 0.06624642275471855
9.699999999999987 4036197746746313.0 1.3704598384463768e+17 2.0379775753569969e+18 6.944892883825053e+18 3.1905836798250685e+18 6.684617078155397e+18 2.6487241391399496e+18 1.6471663401629315e+19 0.07466948499001648
9.799999999999986 2764020224291511.0 9.959246146455491e+16 1.6178307060046285e+18 5.577561373757868e+18 2.511169848700335e+18 5.374661817275869e+18 2.101006826925752e+18 1.3339445660160397e+19 0.04996047139763081
9.899999999999986 1699523738549430.5 6.946980021298101e+16 1.1309741216569152e+18 3.7162573969209467e+18 1.7281274842430776e+18 3.578521849723342e+18 1.4485065812167485e+18 8.215881552391188e+18 0.0773238390701962
9.999999999999986 1699523738549430.5 6.946980021298101e+16 1.1309741216569152e+18 3.7162573969209467e+18 1.7281274842430776e+18 3.578521849723342e+18 1.4485065812167485e+18 8.215881552391188e+18 0.0773238390701962
