log10_duration FAKE.FAKE.1500 FAKE.FAKE.2500 FAKE.FAKE.BBa FAKE.FAKE.BBb FAKE.FAKE.D4000a FAKE.FAKE.D4000b FAKE.FAKE.U FAKE.FAKE.V HbetaEW
6.0 3.602866879696703e+20 1.1368703850455803e+21 2.093045979456191e+21 1.4928517275267975e+21 2.7849816639371136e+21 2.1353796804538223e+21 2.4903640165757364e+21 5.000576293395425e+21 544.1930374868884
6.1 4.076101145215783e+20 1.3074252787431388e+21 2.434965006488634e+21 1.7165232191148715e+21 3.2509372336379994e+21 2.4772903537601874e+21 2.8990218651660567e+21 5.926076911724032e+21 554.640073104223
6.199999999999999 4.355941447347451e+20 1.4024102547660795e+21 2.58905205150979e+21 1.842764152429734e+21 3.4303994233574313e+21 2.635132556048591e+21 3.070138792895454e+21 6.1798357061754e+21 540.4435353541568
6.299999999999999 4.864158497595147e+20 1.575913261586982e+21 2.7920224664854515e+21 2.317816614534783e+21 3.7082760326367727e+21 3.0505339734557285e+21 3.3019299727525355e+21 6.377391571936337e+21 397.19266541124284
6.399999999999999 4.6886347894331854e+20 1.509996111617205e+21 2.6309648488422347e+21 2.3352510644214932e+21 3.5094626852211225e+21 2.975675348938877e+21 3.108043333479589e+21 6.231430739623085e+21 333.7869095292456
6.499999999999998 3.6522577811491684e+20 1.1745130182504763e+21 2.0212146308456645e+21 1.8574802807578283e+21 2.7024449600967703e+21 2.3196130928847786e+21 2.3921713179247856e+21 4.4120731172557e+21 318.81363691868467
6.599999999999998 2.7607780744883556e+20 9.141938338340979e+20 1.6113853252271318e+21 2.0854691510781335e+21 2.5193200796971597e+21 2.3699430353576405e+21 2.0442715560763749e+21 3.7126306674670536e+21 194.3999533166042
6.6999999999999975 2.0470335169603653e+20 6.621982872277862e+20 1.1539286038772363e+21 1.7449954645687783e+21 1.9311940893090445e+21 1.9131629825700898e+21 1.514987946852191e+21 2.840839737784668e+21 145.66423189545284
6.799999999999997 1.462102778012026e+20 4.6189528973577834e+20 7.761392495772395e+20 1.189960628390523e+21 1.2578843653784781e+21 1.2827875553114933e+21 1.0021930744117595e+21 1.9689193144784063e+21 117.84408023053017
6.899999999999997 1.105783089263621e+20 3.442361341332102e+20 5.5362541692116684e+20 8.247454187638257e+20 8.656712711144984e+20 8.791327718474613e+20 7.008816734599772e+20 1.244852963502443e+21 102.31576827542531
6.9999999999999964 8.076757856614698e+19 2.5350400047985138e+20 4.038556910037232e+20 6.491567797478678e+20 6.515029410564148e+20 6.762461857053041e+20 5.17820018393942e+20 8.926370716844407e+20 74.42632996692244
7.099999999999996 5.979686786634297e+19 1.9404256126896118e+20 3.1132074071640926e+20 5.274050476389279e+20 5.1314361805471e+20 5.393086656631495e+20 4.010945993381573e+20 6.505846756904117e+20 51.91287826580577
7.199999999999996 4.2849608213241815e+19 1.4048618895974682e+20 2.2184741270188697e+20 3.946266239608689e+20 3.682035410757878e+20 3.9533483746059996e+20 2.850454174295086e+20 4.360271645741175e+20 26.06910686802198
7.299999999999995 3.125352639616297e+19 1.0346344748488447e+20 1.6372927377852187e+20 2.9116466176512367e+20 2.6585286714656817e+20 2.8934630554551068e+20 2.0694100365817037e+20 3.120299250842799e+20 20.063325135686995
7.399999999999995 2.3936079767992103e+19 7.820904580627923e+19 1.2288198718839221e+20 2.3113934002339525e+20 2.0019257318556303e+20 2.264169227431002e+20 1.5386830972695213e+20 2.5049193640424138e+20 10.921577893700904
7.499999999999995 1.8982776477828264e+19 6.4831170678409314e+19 1.076808284481194e+20 2.2834746360839514e+20 1.9272190008429075e+20 2.224516441027791e+20 1.4133422532370538e+20 2.5262148582253704e+20 8.13469563678589
7.599999999999994 1.4901623506646225e+19 5.246130665569919e+19 9.038900962562888e+19 2.0687140083345588e+20 1.708903332777517e+20 2.0061292910395015e+20 1.2211782749951186e+20 2.3036571202644777e+20 6.009573914451365
7.699999999999994 1.1562563665995629e+19 4.155715643180014e+19 7.376919358888877e+19 1.786844337085228e+20 1.4433679546408439e+20 1.725528335902665e+20 1.0156663967975591e+20 2.0151497647475848e+20 5.396133234981973
7.799999999999994 9.313636814339807e+18 3.4308908686697124e+19 6.313683515187873e+19 1.6619060385258625e+20 1.3072720669676413e+20 1.59726695401258e+20 8.969627834068107e+19 1.9102710477926646e+20 4.187081394639212
7.899999999999993 7.526893196988593e+18 2.8291487660942287e+19 5.325911182389681e+19 1.4467546556464603e+20 1.0999635891615411e+20 1.3825385090610482e+20 7.549297104795717e+19 1.7724020005613132e+20 3.0398876866599323
7.999999999999993 5.851559030800884e+18 2.307313940791065e+19 4.66223423033469e+19 1.3896587836378446e+20 1.0122574723746051e+20 1.3206781208389365e+20 6.80730504505426e+19 1.8156977043621678e+20 2.0938101481509674
8.099999999999993 4.4455789506052147e+18 1.8201905619669838e+19 3.854680159199205e+19 1.1613395578804308e+20 8.254367771847677e+19 1.0996030224846997e+20 5.586103327050385e+19 1.5210596057629963e+20 1.6254686970229266
8.199999999999992 3.3695040487592125e+18 1.442936062969238e+19 3.2643302424026526e+19 1.0068832394603808e+20 6.955549878656471e+19 9.512690276805594e+19 4.719877344622713e+19 1.4712903146748835e+20 0.8287631463980953
8.299999999999992 2.455380665073178e+18 1.1128922684709153e+19 2.711728802178591e+19 8.592121294908383e+19 5.834761957301962e+19 8.103703119849811e+19 3.9448388191519605e+19 1.3067880724338149e+20 0.5890632246823527
8.399999999999991 1.7436705159943409e+18 8.392321366649128e+18 2.1417310073423806e+19 6.886351023858242e+19 4.6260085843595805e+19 6.476460801777171e+19 3.1194049307735798e+19 1.0341876693921697e+20 0.36432752344800734
8.499999999999991 1.1421535470524932e+18 5.980230437893679e+18 1.659644267573987e+19 5.6579492587145675e+19 3.723776367990735e+19 5.30149278757386e+19 2.4724848303749255e+19 8.615673078929336e+19 0.3127823954791775
8.59999999999999 8.127256134256008e+17 4.536371029533205e+18 1.321635791522756e+19 4.605355041548238e+19 2.9875948393289945e+19 4.299462875704605e+19 1.976141749827919e+19 6.839894403212645e+19 0.2257029581182177
8.69999999999999 5.6057544178181626e+17 3.4161550575381294e+18 1.0841662415160805e+19 3.9497398960895754e+19 2.5042567365950476e+19 3.6741433256969695e+19 1.6431533718873274e+19 6.087728467341188e+19 0.1456308764443178
8.79999999999999 4.0438046198140026e+17 2.647689108530708e+18 8.709711120477179e+18 3.2770104744661074e+19 2.0264018254160888e+19 3.0311865708368257e+19 1.3246850879149437e+19 5.029561191149841e+19 0.08576579429736529
8.89999999999999 2.8738736234102653e+17 2.0717783611295007e+18 7.450461230579434e+18 2.9223445164293935e+19 1.7371506334152923e+19 2.6916506074956485e+19 1.1367753011553184e+19 4.722449231323951e+19 0.06510650936779323
8.99999999999999 1.9517870678217363e+17 1.6204954662725066e+18 6.394208806367392e+18 2.6511802439437386e+19 1.5015883061930465e+19 2.432830522248773e+19 9.836444594181724e+18 4.716030276731107e+19 0.0491383766383534
9.099999999999989 1.1124797989211062e+17 1.1830085873784192e+18 5.887175293117393e+18 2.5518995471060816e+19 1.3431175559697064e+19 2.347422609575055e+19 8.994899347565567e+18 5.572201460092424e+19 0.047184961860400276
9.199999999999989 5.579135541679442e+16 8.057352953475962e+17 3.820182189435233e+18 1.6322592698793216e+19 8.755037828905001e+18 1.4967261748604033e+19 5.836689042192397e+18 3.201738412857919e+19 0.03742144390941107
9.299999999999988 2.149845946593206e+16 5.312430757833389e+17 2.7974528410989066e+18 1.1422870775473881e+19 6.195893667121937e+18 1.0538241501326189e+19 4.197970465170644e+18 2.260150116352282e+19 0.041706129142613624
9.399999999999988 6916829764502153.0 3.4693906696495706e+17 2.1302675900086246e+18 8.300939740070493e+18 4.5181353864909307e+18 7.72344420663665e+18 3.1295878527381816e+18 1.7755282610712515e+19 0.03837292098846008
9.499999999999988 2961275470564903.5 2.3755778357772906e+17 1.667556172874201e+18 6.258657691400385e+18 3.401561515730694e+18 5.859413539836605e+18 2.404085102097438e+18 1.4214651882866369e+19 0.02824313585316385
9.599999999999987 1320843214157013.8 1.7238600137308717e+17 1.3325048953113439e+18 4.828487336667969e+18 2.6389456777578737e+18 4.539404582043239e+18 1.8923785794955845e+18 1.1325124685868276e+19 0.03209068985499033
9.699999999999987 468873299100649.6 1.2081820369665198e+17 9.143232711048156e+17 3.077741522708757e+18 1.767246752565307e+18 2.902211949699648e+18 1.2760972155471939e+18 6.790602106716546e+18 0.026338855789394364
9.799999999999986 345941938052423.75 8.079226702096872e+16 8.069723445747433e+17 2.786399465600764e+18 1.5002158621611937e+18 2.6357748442759194e+18 1.1122327354494602e+18 7.077600962516017e+18 0.024870019166812148
9.899999999999986 206094762840232.88 6.543085415882449e+16 7.139507808147891e+17 2.454641439339305e+18 1.3120382927465618e+18 2.3249855711888036e+18 9.793981263170322e+17 6.42211062629125e+18 0.028955546748798144
9.999999999999986 206094762840232.88 6.543085415882449e+16 7.139507808147891e+17 2.454641439339305e+18 1.3120382927465618e+18 2.3249855711888036e+18 9.793981263170322e+17 6.42211062629125e+18 0.028955546748798144
