log10_duration FAKE.FAKE.1500 FAKE.FAKE.2500 FAKE.FAKE.BBa FAKE.FAKE.BBb FAKE.FAKE.D4000a FAKE.FAKE.D4000b FAKE.FAKE.U FAKE.FAKE.V HbetaEW
6.0 1.2930777972386294e+22 8.516071875273127e+21 6.618855946667275e+21 4.470849001455671e+21 6.881461243832167e+21 5.292928018786865e+21 7.300436343611106e+21 7.938179337005448e+21 227.45118763954977
6.1 1.5805522884991511e+22 1.0894542922781274e+22 8.135822838784978e+21 5.853604527408733e+21 8.127145203877471e+21 6.648269389907589e+21 8.732951607393498e+21 7.738848666673766e+21 162.175717386714
6.199999999999999 1.7370607638780727e+22 1.2387068969653608e+22 9.077082455209981e+21 6.814674058916055e+21 8.983782021134934e+21 7.56346381378008e+21 9.63610449418881e+21 7.687973005582227e+21 126.51766127957335
6.299999999999999 1.8468399884358205e+22 1.3833869084539528e+22 9.978379941080008e+21 7.895059428317471e+21 9.90008217484691e+21 8.55468763613369e+21 1.0514360978351342e+22 7.641938134262314e+21 90.74074440531719
6.399999999999999 1.6514265192919504e+22 1.2833846602323735e+22 9.439364820435992e+21 7.902018338858786e+21 9.746669280493522e+21 8.46674940152665e+21 9.93452201851922e+21 7.816809864634234e+21 75.58534026507101
6.499999999999998 1.2756463826126795e+22 1.0062997215803498e+22 7.616850950335231e+21 6.931275966340489e+21 8.330138775113515e+21 7.350933575865908e+21 8.182891153821375e+21 6.891760923766902e+21 63.49435827120879
6.599999999999998 9.457934179647168e+21 7.224033321754874e+21 5.335026521154096e+21 4.782380629651553e+21 5.69676694506602e+21 5.06447320292461e+21 5.696269333593217e+21 4.573494842586983e+21 60.58522691468208
6.6999999999999975 7.080809593864117e+21 5.361021744045928e+21 3.878535636201312e+21 3.64184544224337e+21 4.1873334136013445e+21 3.812531011838878e+21 4.155836527334276e+21 3.318651422353815e+21 44.07812009037709
6.799999999999997 5.105899086318691e+21 3.872531287505926e+21 2.780679581588704e+21 2.709052426780835e+21 3.0568172836139476e+21 2.809912038294876e+21 2.986890174560141e+21 2.4925113892054164e+21 32.460123387485005
6.899999999999997 3.6669653630832356e+21 2.863436055355261e+21 2.0513289966489871e+21 2.0874639351814113e+21 2.3124129175499718e+21 2.1447248711348482e+21 2.220502845125123e+21 2.0470159720605244e+21 21.678105000096377
6.9999999999999964 2.5309860075407855e+21 2.0258917615265873e+21 1.481826194628635e+21 1.5744650059747358e+21 1.6994282085351875e+21 1.6046705837214115e+21 1.608834898719988e+21 1.5798160501974636e+21 16.69312420565849
7.099999999999996 1.7800181208745084e+21 1.47397262915747e+21 1.1107772275107727e+21 1.2432263504394377e+21 1.2903653098692946e+21 1.2548853619569706e+21 1.201241045479147e+21 1.240455153851933e+21 12.114240409589453
7.199999999999996 1.286991331062629e+21 1.1130162633055782e+21 8.877676358785658e+20 1.1052700048310514e+21 1.099686471177238e+21 1.1043017366416295e+21 9.782113252777146e+20 1.017561202924784e+21 7.744133053557708
7.299999999999995 9.426196667993841e+20 8.486099483599937e+20 7.309368200846833e+20 1.0574210638769513e+21 1.0173891221103492e+21 1.0497331122647664e+21 8.471086746739316e+20 9.410134923191859e+20 4.897326653217146
7.399999999999995 7.300281073755635e+20 6.65351182058381e+20 5.8959585832398376e+20 9.055391685853981e+20 8.482527484060589e+20 8.941636983579357e+20 6.926969334975165e+20 7.825122457679302e+20 3.7823879376452383
7.499999999999995 5.6966722312620265e+20 5.317701268162648e+20 4.955838997629167e+20 8.293318353188728e+20 7.584564236745491e+20 8.151860227159938e+20 5.990358639165131e+20 7.062236969866839e+20 2.774921286675713
7.599999999999994 4.4433909312712265e+20 4.243075178724807e+20 4.1454477006173825e+20 7.413040799910565e+20 6.554476428190544e+20 7.25027995700307e+20 5.089218427457223e+20 6.490252310432835e+20 2.2985718018538224
7.699999999999994 3.447971268837308e+20 3.395702249189875e+20 3.505287262600436e+20 6.617128392530741e+20 5.691977984870637e+20 6.441855291802919e+20 4.356686984431173e+20 5.771359668636632e+20 1.9772959681599969
7.799999999999994 2.5886791752955766e+20 2.6309436053685358e+20 2.8759590118632843e+20 5.663587382979003e+20 4.706975383483644e+20 5.4902464199343545e+20 3.586032465012495e+20 5.262113623536224e+20 1.3426133450287134
7.899999999999993 2.0211718415981983e+20 2.1278574039125583e+20 2.4514815703259464e+20 4.934981007693182e+20 4.037609166807459e+20 4.771866862839811e+20 3.062810664857111e+20 4.5706750400218294e+20 0.9951318657386451
7.999999999999993 1.5674547386950415e+20 1.7167335046041603e+20 2.0622556116874546e+20 4.249485231993592e+20 3.415757552673862e+20 4.103462142261228e+20 2.5847012409633774e+20 4.143695026325263e+20 0.9068360068128946
8.099999999999993 1.1204764683125324e+20 1.2917955705807505e+20 1.6466041399983853e+20 3.6372654208045593e+20 2.8408895429033466e+20 3.5005003178923275e+20 2.1097526552716745e+20 3.7316146037481787e+20 0.7883757904386411
8.199999999999992 8.279791404784896e+19 1.0180598810470259e+20 1.3539592389107424e+20 3.163025424625811e+20 2.4756750191580794e+20 3.034418008878511e+20 1.7853539124249326e+20 3.078834295810585e+20 0.5754504488574038
8.299999999999992 5.542381699115704e+19 7.313011057261522e+19 1.0614143030022301e+20 2.7569836218790914e+20 2.0541789361559768e+20 2.6308749744573527e+20 1.4459635380561717e+20 2.820755603235182e+20 0.38084622104599386
8.399999999999991 3.5974636624050053e+19 5.176935640592231e+19 8.13249456356265e+19 2.3114723591433404e+20 1.6576431696148552e+20 2.193793110646089e+20 1.1414733672803253e+20 2.4436567539896317e+20 0.2783042663993228
8.499999999999991 2.2979352066955522e+19 3.791522813616029e+19 6.437994668841114e+19 1.9895295407974256e+20 1.3958083113812373e+20 1.8741644607028586e+20 9.349387660903314e+19 1.9698360870896065e+20 0.19897767546984918
8.59999999999999 1.1501618153056428e+19 2.4084364739742188e+19 4.78333050948924e+19 1.6211565382160905e+20 1.0496231441099263e+20 1.5174604114011518e+20 7.03418733287443e+19 1.871994455145221e+20 0.12799810447488238
8.69999999999999 5.530989587895782e+18 1.6386090172429769e+19 3.725036609525553e+19 1.3249662969166496e+20 8.223775526836095e+19 1.2316570613862646e+20 5.508213927350225e+19 1.5511545057977555e+20 0.07490226465764038
8.79999999999999 2.6880312540255145e+18 1.0824553685625008e+19 2.8967353125295305e+19 1.0361875726494764e+20 6.146378582016757e+19 9.651444443769209e+19 4.2117613599123735e+19 1.4475103265606972e+20 0.05176275516223904
8.89999999999999 1.1202796466957348e+18 7.349877571861665e+18 2.290581467427334e+19 8.085378344584903e+19 4.778144641129409e+19 7.562503274147193e+19 3.3046678900559794e+19 1.2601722150945858e+20 0.03922120204738578
8.99999999999999 3.886417740454695e+17 4.674985144987815e+18 1.8334183782956173e+19 6.1335617811567985e+19 3.6288564706676965e+19 5.76367586022466e+19 2.5789115230125097e+19 9.358414947122109e+19 0.03468140231649178
9.099999999999989 2.3208988147220154e+17 3.080387348506365e+18 1.4785693222501489e+19 4.645693961301775e+19 2.7684203513831248e+19 4.378288748311814e+19 2.0218713862989697e+19 6.6211766887006134e+19 0.012975193633589125
9.199999999999989 1.5720056545906538e+17 1.946254763742931e+18 1.1390895302840234e+19 3.5500574075757695e+19 2.041623569454224e+19 3.3707377168721285e+19 1.5307230301862914e+19 6.080126675905689e+19 0.024228522983538062
9.299999999999988 9.520785342541576e+16 1.2370732957715505e+18 8.547650287165777e+18 2.627587972550994e+19 1.4755685297102897e+19 2.5047170401526792e+19 1.1295281555832168e+19 4.863345956584922e+19 0.03179783815230553
9.399999999999988 3.809735292421093e+16 7.320305921654162e+17 6.242777653265355e+18 1.947818041801352e+19 1.0386949614267042e+19 1.8630145960372826e+19 8.159320396718057e+18 3.863144291335206e+19 0.03168549981435011
9.499999999999988 1.7216190681705352e+16 4.5037082320104083e+17 4.50501202885282e+18 1.4259478165673558e+19 7.27793348990702e+18 1.3672284053975933e+19 5.83898864996618e+18 2.984711851664921e+19 0.027823600858883347
9.599999999999987 8389406888608527.0 2.7264142007878554e+17 3.2324280783967534e+18 1.0489667717874604e+19 5.104765620164571e+18 1.0086173226843824e+19 4.1766160386436613e+18 2.310582145972456e+19 0.03312409565587043
9.699999999999987 5273558392298732.0 1.6873517643001475e+17 2.38370239964418e+18 7.915797239268217e+18 3.679880661004516e+18 7.63070610900557e+18 3.070130235313067e+18 1.821149469864252e+19 0.03733586269629953
9.799999999999986 3703920949853289.0 1.2275494787741109e+17 1.8926212581134126e+18 6.357403652137535e+18 2.8967221105097083e+18 6.13556681300211e+18 2.436276871676058e+18 1.474872431777408e+19 0.02498072757589718
9.899999999999986 2153788513528981.5 8.54210546376994e+16 1.322840605855856e+18 4.235848392707618e+18 1.9932038232027497e+18 4.0850103829837983e+18 1.679119121252447e+18 9.084384550576988e+18 0.038663123893953634
9.999999999999986 2153788513528981.5 8.54210546376994e+16 1.322840605855856e+18 4.235848392707618e+18 1.9932038232027497e+18 4.0850103829837983e+18 1.679119121252447e+18 9.084384550576988e+18 0.038663123893953634
