log10_duration FAKE.FAKE.1500 FAKE.FAKE.2500 FAKE.FAKE.BBa FAKE.FAKE.BBb FAKE.FAKE.D4000a FAKE.FAKE.D4000b FAKE.FAKE.U FAKE.FAKE.V HbetaEW
6.0 3.027725504640056e+20 8.577106719309312e+20 1.3771074017568932e+21 1.1136222345733598e+21 1.7605616712751802e+21 1.4345513822019899e+21 1.5936751278965792e+21 2.822619043685767e+21 384.532829824201
6.1 3.396306081135695e+20 9.77166312366512e+20 1.5874897760712733e+21 1.2673829241892787e+21 2.0361012392389383e+21 1.647553749681109e+21 1.839014639953255e+21 3.322523946981449e+21 396.2583703593274
6.199999999999999 3.663888625483521e+20 1.0614718970800379e+21 1.7088178177253046e+21 1.3795655324812564e+21 2.1750505356042392e+21 1.7756116833135614e+21 1.9712731161884502e+21 3.494047615525027e+21 380.3526500472424
6.299999999999999 4.248357305022221e+20 1.264785904438125e+21 1.9781053271024088e+21 1.896802597172305e+21 2.560886069314535e+21 2.2588785856010634e+21 2.287795090146959e+21 3.9619726732687583e+21 251.4460458822411
6.399999999999999 4.1126958270672555e+20 1.2308569761012795e+21 1.9082935941445234e+21 1.9567307914950258e+21 2.4851629720996964e+21 2.2695921269619126e+21 2.2072807736437244e+21 4.093352752923144e+21 203.82904989998713
6.499999999999998 3.259551971472137e+20 9.762612349525513e+20 1.5024303713052105e+21 1.5905275728210963e+21 1.9768157984294337e+21 1.8165159690314693e+21 1.745090159727549e+21 2.9201380628266667e+21 191.4586846869901
6.599999999999998 2.5144008226727785e+20 7.861129166901409e+20 1.2736840043653898e+21 1.9142331890779832e+21 2.0527863967545963e+21 2.044198823241383e+21 1.6215477539193016e+21 2.7745632900161004e+21 108.13901974115923
6.6999999999999975 1.8954055143182582e+20 5.821537776410989e+20 9.414851760115177e+20 1.638779025506684e+21 1.641354933549554e+21 1.7089931592283532e+21 1.2479946919881388e+21 2.2748623819299823e+21 78.7049337592157
6.799999999999997 1.3747355676954544e+20 4.157783843698659e+20 6.539941580566917e+20 1.1291603274793531e+21 1.0917140730656022e+21 1.1651627228026123e+21 8.475741924184114e+20 1.65461595131708e+21 62.70703963634096
6.899999999999997 1.0544211883867023e+20 3.172761758762317e+20 4.8269580516576127e+20 7.894060695133553e+20 7.688674921835999e+20 8.103268350938597e+20 6.100026316929637e+20 1.0680656268678365e+21 53.94517487504074
6.9999999999999964 7.780048704964254e+19 2.3817742269482792e+20 3.6421411287867693e+20 6.291515404344884e+20 5.969354206863698e+20 6.373491421305293e+20 4.661225998667354e+20 7.957012382912753e+20 38.702225075816884
7.099999999999996 5.80336549587238e+19 1.8534902674005407e+20 2.895802056350507e+20 5.1608131617388606e+20 4.828120483061406e+20 5.175960097003797e+20 3.7229812279897535e+20 5.980226444688636e+20 26.680694039281526
7.199999999999996 4.220875111296779e+19 1.3738638620186391e+20 2.1421600475491395e+20 3.906427360873783e+20 3.57349291644209e+20 3.873652687809181e+20 2.7444910580611023e+20 4.191367938881793e+20 13.206789072636072
7.299999999999995 3.0891883783739798e+19 1.0172288467690824e+20 1.5946136740886256e+20 2.8894224110500194e+20 2.5991945471845057e+20 2.8493445425111305e+20 2.0101147424250554e+20 3.0292136651523385e+20 10.136924801045696
7.399999999999995 2.3780599415765443e+19 7.745155997192287e+19 1.209962687030084e+20 2.3018876221457757e+20 1.9773232979281868e+20 2.2457602954437185e+20 1.5130872571177406e+20 2.467313315430557e+20 5.491533763297617
7.499999999999995 1.886417918489327e+19 6.424978177092708e+19 1.0623694658222801e+20 2.2762160751825663e+20 1.908907264230547e+20 2.2109255985312275e+20 1.3939739417384596e+20 2.4976444710179825e+20 4.084973609055697
7.599999999999994 1.4825732879421118e+19 5.208059536050155e+19 8.943167237766016e+19 2.0640297387788137e+20 1.6969757207359124e+20 1.997231470673985e+20 1.2081330210590399e+20 2.2856852562862827e+20 3.0140869169787443
7.699999999999994 1.1505957732535546e+19 4.126684445429696e+19 7.30325652785382e+19 1.7833019345500884e+20 1.4343380672883242e+20 1.7187465148806473e+20 1.0055001734508447e+20 2.0018311902298135e+20 2.7055429437036467
7.799999999999994 9.273523331483445e+18 3.4101327825974616e+19 6.260780451395732e+19 1.659397301582483e+20 1.30087782492494e+20 1.592431545508094e+20 8.89571903580152e+19 1.9010985629821944e+20 2.098044355252798
7.899999999999993 7.501359505537591e+18 2.815948731877902e+19 5.292018462205057e+19 1.4451827627382148e+20 1.0959657129182193e+20 1.3794907758375869e+20 7.501533032401399e+19 1.7668806740167295e+20 1.5222466092485551
7.999999999999993 5.834682324269662e+18 2.2984539274952106e+19 4.639172793820979e+19 1.3886192470937744e+20 1.009612655225179e+20 1.3186352948275665e+20 6.774238253239425e+19 1.812219102321542e+20 1.0479717524346188
8.099999999999993 4.4347586272105503e+18 1.8144550461490065e+19 3.839613266315677e+19 1.1606766612921721e+20 8.237491456836008e+19 1.0982854675851254e+20 5.564242694330433e+19 1.5189558189812865e+20 0.8133659797484901
8.199999999999992 3.3641374644063744e+18 1.440176442577228e+19 3.2572420991993283e+19 1.0065755964409761e+20 6.947552069859434e+19 9.506478453333262e+19 4.7094846908019294e+19 1.4703750893417e+20 0.4145417542313018
8.299999999999992 2.4519712049743314e+18 1.1111445196880378e+19 2.7073077618327556e+19 8.590211123848431e+19 5.829754721767606e+19 8.099826016129758e+19 3.9383303887941706e+19 1.3062403149963769e+20 0.29461165048665566
8.399999999999991 1.7419476295536837e+18 8.383433300856724e+18 2.1395777020678955e+19 6.8854261479534944e+19 4.6235464667488485e+19 6.474572000588197e+19 3.116222611254216e+19 1.033935855933539e+20 0.18219429276364552
8.499999999999991 1.1408815670254607e+18 5.973867549296244e+18 1.6581299511935922e+19 5.657284016570319e+19 3.7219934607262564e+19 5.300145165585439e+19 2.470268814981524e+19 8.61386600797908e+19 0.15641404085595045
8.59999999999999 8.119765019423108e+17 4.532511618129576e+18 1.3207560111789597e+19 4.604965903458819e+19 2.986560361908195e+19 4.298684893907971e+19 1.9748575073385886e+19 6.838876280509068e+19 0.11286364700776211
8.69999999999999 5.601157979781919e+17 3.413812614254778e+18 1.0836684604447394e+19 3.949510811596923e+19 2.503648113540007e+19 3.673694417458954e+19 1.6424286979306004e+19 6.087155203000449e+19 0.07282061750954963
8.79999999999999 4.0416815721728486e+17 2.6464567200300774e+18 8.707342836997635e+18 3.276902723632837e+19 2.026110303901899e+19 3.0309742496289018e+19 1.3243383912673098e+19 5.029306150802104e+19 0.04288467732813006
8.89999999999999 2.872448395367804e+17 2.0708729922496888e+18 7.448761672058967e+18 2.9222673953515483e+19 1.7369453372297755e+19 2.691501234294818e+19 1.1365282801589545e+19 4.7222716484192166e+19 0.03255430349795166
8.99999999999999 1.9507594054282826e+17 1.619818864061102e+18 6.392956679538144e+18 2.65112329001683e+19 1.5014373839959489e+19 2.4327216035136045e+19 9.834637224428337e+18 4.715901891389487e+19 0.024569792045577153
9.099999999999989 1.1113984577669493e+17 1.1823341334687496e+18 5.885762329444792e+18 2.5518364564441874e+19 1.3429521179616086e+19 2.3473024212600734e+19 8.992878756263745e+18 5.572056660293064e+19 0.023593044296098015
9.199999999999989 5.573834937777706e+16 8.053863493283807e+17 3.81951299542332e+18 1.6322287921434927e+19 8.754254262692478e+18 1.4966692096948806e+19 5.835743825693176e+18 3.2016728733708624e+19 0.01871108684999033
9.299999999999988 2.1457373461653584e+16 5.309767876470019e+17 2.79690519517819e+18 1.142262540061653e+19 6.195274624421387e+18 1.053778334295327e+19 4.1972028657192003e+18 2.2600979988907454e+19 0.020853519555577144
9.399999999999988 6886689494654034.0 3.4675101598259955e+17 2.1298629139382482e+18 8.300759346399444e+18 4.517684310315471e+18 7.723107220412208e+18 3.129024299054842e+18 1.7754907986390757e+19 0.019186839105896462
9.499999999999988 2943075618935501.0 2.374443257086455e+17 1.6673119157545603e+18 6.258549482069523e+18 3.401291035970524e+18 5.859211438468442e+18 2.4037482275085404e+18 1.4214435491012813e+19 0.01412177387770771
9.599999999999987 1304463224904165.5 1.7228836523573488e+17 1.3322822788395878e+18 4.828389374716198e+18 2.6387038189131054e+18 4.5392206128084357e+18 1.8920730898105664e+18 1.1324929441894918e+19 0.016045608500675455
9.699999999999987 459670496091834.8 1.2076434779493818e+17 9.142047697476422e+17 3.077688293876741e+18 1.7671212582980872e+18 2.9021156703104906e+18 1.2759398026582228e+18 6.790501476219586e+18 0.013169614384829234
9.799999999999986 337857168936570.25 8.074619587870646e+16 8.068618240017466e+17 2.7863513925930276e+18 1.500099059051013e+18 2.635684179027093e+18 1.1120850814368064e+18 7.077508412731682e+18 0.012435166913530698
9.899999999999986 197775828556589.47 6.538438829060394e+16 7.13835022011021e+17 2.4545915267614884e+18 1.311917195616069e+18 2.3248906229325757e+18 9.792433417437196e+17 6.42201385591666e+18 0.01447798453027431
9.999999999999986 197775828556589.47 6.538438829060394e+16 7.13835022011021e+17 2.4545915267614884e+18 1.311917195616069e+18 2.3248906229325757e+18 9.792433417437196e+17 6.42201385591666e+18 0.01447798453027431
